30 6
0 1746 4
8 9 11 13 14 24 27 31 34 38 0 0 0 0 0 26 29 33 36 41 12 13 15 17 18 12 14 16 17 20 
13 15 17 19 20 22 25 28 30 34 23 26 29 32 36 11 12 14 16 18 27 30 34 37 41 0 0 0 0 0 
22 25 28 31 34 23 26 29 31 36 0 0 0 0 0 19 21 24 26 30 10 11 13 14 16 11 12 14 15 17 
13 15 17 19 22 18 20 23 25 27 10 11 13 14 16 18 20 23 26 28 0 0 0 0 0 13 15 17 19 21 
1 2274 6
24 27 30 34 37 18 20 23 26 27 0 0 0 0 0 16 18 21 24 25 11 12 14 16 16 24 27 30 33 37 
21 24 27 30 34 19 21 24 26 29 12 13 15 16 18 0 0 0 0 0 24 27 31 35 39 12 14 16 17 21 
0 0 0 0 0 18 20 23 26 28 26 29 33 36 39 13 15 17 19 20 17 19 22 25 27 26 29 33 36 40 
26 29 33 37 41 24 27 30 33 37 15 17 19 21 22 20 22 25 27 32 0 0 0 0 0 21 24 27 29 34 
16 18 20 22 26 17 19 22 24 28 20 22 25 27 30 17 19 22 24 27 0 0 0 0 0 9 10 12 13 16 
8 9 10 12 14 11 12 14 15 17 14 16 18 20 23 0 0 0 0 0 21 24 27 29 34 13 15 17 18 22 
2 2801 4
20 23 26 29 31 24 27 30 33 37 20 22 25 27 32 20 22 25 27 31 8 9 11 12 15 0 0 0 0 0 
13 15 17 19 21 0 0 0 0 0 18 20 23 26 28 11 12 14 15 18 9 10 12 13 16 26 29 33 37 39 
16 18 21 23 27 24 27 31 35 38 0 0 0 0 0 12 14 16 17 21 18 20 23 25 27 15 17 19 21 24 
24 27 31 34 39 15 17 19 21 23 18 20 23 25 28 12 14 16 17 19 0 0 0 0 0 18 20 23 26 28 
3 1206 6
24 27 30 33 37 24 27 30 33 37 14 16 18 19 21 22 25 28 30 35 0 0 0 0 0 16 18 20 22 24 
26 29 33 36 40 11 12 14 15 16 0 0 0 0 0 22 25 28 31 34 25 28 32 35 39 27 30 34 38 40 
0 0 0 0 0 8 9 11 12 14 8 9 10 11 14 14 16 18 20 22 24 27 30 34 36 8 9 10 12 14 
0 0 0 0 0 15 17 19 20 22 9 10 12 14 16 26 29 33 36 41 26 29 33 36 41 25 28 32 35 39 
8 9 10 11 12 0 0 0 0 0 21 24 27 30 34 27 30 34 38 42 24 27 30 33 38 13 15 17 19 21 
0 0 0 0 0 27 30 34 37 40 26 29 33 36 40 19 21 24 26 30 8 9 10 12 12 22 25 28 30 34 
4 2706 6
0 0 0 0 0 24 27 31 35 37 15 17 19 21 22 16 18 20 22 25 13 15 17 19 20 8 9 10 11 13 
12 14 16 18 19 27 30 34 38 42 12 13 15 17 19 0 0 0 0 0 25 28 32 36 39 24 27 30 33 37 
27 30 34 38 42 25 28 32 35 38 22 25 28 31 35 0 0 0 0 0 11 12 14 16 18 8 9 10 11 13 
14 16 18 20 22 14 16 18 20 22 10 11 13 14 16 0 0 0 0 0 27 30 34 37 42 25 28 32 35 38 
15 17 19 20 24 20 22 25 28 30 16 18 21 23 26 12 14 16 18 19 16 18 21 23 26 0 0 0 0 0 
21 24 27 29 32 8 9 10 11 12 24 27 30 34 37 25 28 32 36 40 8 9 10 12 14 0 0 0 0 0 
5 2389 4
8 9 11 13 15 0 0 0 0 0 11 12 14 15 16 14 16 18 19 22 24 27 30 34 38 13 15 17 18 20 
20 23 26 29 31 17 19 22 24 26 16 18 20 23 24 16 18 21 24 27 0 0 0 0 0 27 30 34 37 41 
0 0 0 0 0 24 27 30 33 36 26 29 33 36 40 20 23 26 29 32 20 22 25 27 32 8 9 10 11 14 
12 14 16 18 20 8 9 11 12 13 14 16 18 20 22 11 12 14 15 17 0 0 0 0 0 16 18 21 24 26 
6 1713 6
10 11 13 14 17 0 0 0 0 0 19 21 24 26 30 10 11 13 14 15 10 11 13 15 17 16 18 20 23 24 
21 24 27 30 32 20 22 25 27 30 13 15 17 18 22 9 10 12 13 15 0 0 0 0 0 26 29 33 37 39 
20 23 26 29 31 23 26 29 32 36 14 16 18 19 21 13 15 17 19 22 0 0 0 0 0 8 9 11 12 15 
24 27 30 34 37 0 0 0 0 0 22 25 28 31 35 16 18 20 23 25 14 16 18 20 21 16 18 20 23 24 
25 28 32 35 40 18 20 23 26 29 26 29 33 36 39 8 9 11 12 13 25 28 32 36 40 0 0 0 0 0 
26 29 33 36 39 13 15 17 19 22 16 18 21 23 26 24 27 30 34 36 0 0 0 0 0 12 14 16 17 21 
7 1816 4
12 13 15 16 20 16 18 20 23 26 24 27 30 34 37 0 0 0 0 0 12 14 16 18 20 10 11 13 15 15 
9 10 12 13 14 23 26 29 32 35 12 13 15 17 19 17 19 22 25 27 0 0 0 0 0 15 17 19 20 23 
16 18 21 24 25 0 0 0 0 0 12 13 15 16 18 18 20 23 25 27 19 21 24 26 28 12 13 15 16 20 
8 9 10 12 13 24 27 31 35 37 24 27 30 33 36 8 9 10 11 13 20 23 26 29 31 0 0 0 0 0 
8 1734 6
19 21 24 26 28 0 0 0 0 0 17 19 22 25 26 20 22 25 27 31 10 11 13 14 15 18 20 23 26 29 
15 17 19 20 22 27 30 34 37 40 10 11 13 14 16 12 13 15 17 20 8 9 10 11 13 0 0 0 0 0 
27 30 34 37 40 10 11 13 15 17 19 21 24 26 29 12 13 15 16 20 23 26 29 32 36 0 0 0 0 0 
8 9 11 13 13 24 27 30 34 38 8 9 11 12 13 19 21 24 27 28 12 14 16 17 20 0 0 0 0 0 
25 28 32 35 38 21 24 27 29 34 21 24 27 30 32 16 18 21 23 25 0 0 0 0 0 14 16 18 19 21 
20 22 25 28 32 15 17 19 21 23 25 28 32 36 39 12 13 15 17 20 20 23 26 29 32 0 0 0 0 0 
9 1294 4
18 20 23 26 28 22 25 28 30 34 19 21 24 27 30 23 26 29 31 34 10 11 13 14 17 0 0 0 0 0 
0 0 0 0 0 12 14 16 17 19 27 30 34 37 41 11 12 14 16 16 14 16 18 19 23 21 24 27 30 33 
8 9 10 12 12 0 0 0 0 0 14 16 18 19 23 12 14 16 18 19 12 13 15 17 20 15 17 19 21 24 
8 9 10 11 13 24 27 31 34 39 8 9 11 13 15 23 26 29 32 36 16 18 20 22 25 0 0 0 0 0 
10 1777 3
0 0 0 0 0 8 9 11 12 15 26 29 33 37 39 26 29 33 37 39 23 26 29 32 35 22 25 28 31 33 
20 23 26 29 31 9 10 12 14 14 12 14 16 17 21 24 27 30 34 38 0 0 0 0 0 12 13 15 16 19 
20 23 26 28 33 22 25 28 30 34 16 18 21 24 27 0 0 0 0 0 16 18 20 23 26 24 27 31 34 38 
11 1376 3
12 14 16 17 19 17 19 22 25 27 0 0 0 0 0 23 26 29 31 35 16 18 20 23 26 11 12 14 16 18 
25 28 32 36 39 15 17 19 20 24 13 15 17 19 22 0 0 0 0 0 12 13 15 16 18 10 11 13 14 17 
0 0 0 0 0 15 17 19 21 24 21 24 27 29 33 15 17 19 20 23 8 9 11 12 15 15 17 19 20 22 
12 2123 6
15 17 19 20 23 0 0 0 0 0 24 27 31 34 37 25 28 32 36 38 24 27 31 34 37 16 18 20 23 26 
0 0 0 0 0 13 15 17 18 21 25 28 32 35 38 14 16 18 20 21 22 25 28 30 35 27 30 34 37 40 
9 10 12 13 16 8 9 11 12 14 0 0 0 0 0 10 11 13 14 17 13 15 17 18 21 9 10 12 14 16 
0 0 0 0 0 12 13 15 17 18 8 9 11 12 15 21 24 27 30 34 14 16 18 19 23 25 28 32 36 39 
24 27 31 35 38 27 30 34 37 42 0 0 0 0 0 25 28 32 35 40 25 28 32 35 39 12 14 16 17 19 
12 14 16 17 21 23 26 29 31 35 21 24 27 30 32 18 20 23 25 27 12 13 15 17 19 0 0 0 0 0 
13 2543 3
13 15 17 18 21 8 9 11 12 13 15 17 19 21 22 15 17 19 20 22 11 12 14 16 16 0 0 0 0 0 
19 21 24 27 29 0 0 0 0 0 22 25 28 30 33 8 9 10 12 13 11 12 14 16 18 20 23 26 29 33 
12 14 16 18 19 14 16 18 19 21 0 0 0 0 0 17 19 22 25 28 8 9 11 13 15 21 24 27 30 33 
14 1752 6
0 0 0 0 0 15 17 19 20 22 12 14 16 17 19 23 26 29 32 36 27 30 34 37 42 11 12 14 16 16 
13 15 17 19 22 0 0 0 0 0 8 9 11 12 15 15 17 19 20 22 17 19 22 24 27 26 29 33 36 39 
25 28 32 36 40 20 22 25 28 31 20 22 25 28 32 12 13 15 17 18 12 13 15 17 20 0 0 0 0 0 
18 20 23 25 27 22 25 28 31 35 0 0 0 0 0 17 19 22 25 27 20 22 25 28 31 21 24 27 30 33 
8 9 11 12 14 26 29 33 36 41 20 22 25 27 31 0 0 0 0 0 16 18 20 22 25 19 21 24 27 30 
11 12 14 15 16 13 15 17 18 22 20 22 25 28 32 0 0 0 0 0 18 20 23 26 27 26 29 33 37 39 
15 1650 5
10 11 13 15 17 22 25 28 30 35 25 28 32 36 39 0 0 0 0 0 11 12 14 16 18 14 16 18 19 22 
17 19 22 24 28 0 0 0 0 0 20 23 26 29 32 13 15 17 19 22 8 9 10 12 12 8 9 10 11 13 
0 0 0 0 0 25 28 32 35 39 19 21 24 26 28 8 9 10 11 13 16 18 20 22 25 16 18 20 22 24 
25 28 32 36 38 24 27 31 34 38 19 21 24 26 29 23 26 29 32 36 0 0 0 0 0 15 17 19 21 22 
23 26 29 32 35 25 28 32 35 38 8 9 11 12 15 0 0 0 0 0 14 16 18 20 21 10 11 13 15 17 
16 1681 5
27 30 34 38 42 0 0 0 0 0 26 29 33 37 39 23 26 29 31 36 27 30 34 37 40 15 17 19 20 23 
8 9 10 12 14 0 0 0 0 0 21 24 27 29 32 19 21 24 27 29 25 28 32 36 40 11 12 14 15 17 
27 30 34 37 42 24 27 31 34 39 8 9 11 12 13 16 18 20 23 24 20 23 26 28 31 0 0 0 0 0 
27 30 34 37 40 0 0 0 0 0 26 29 33 36 39 19 21 24 26 29 19 21 24 27 30 16 18 20 23 24 
12 13 15 17 19 23 26 29 31 36 12 13 15 16 20 0 0 0 0 0 22 25 28 31 35 19 21 24 27 29 
17 1831 4
0 0 0 0 0 8 9 11 12 14 24 27 31 34 37 23 26 29 31 36 12 14 16 17 20 15 17 19 21 23 
20 22 25 27 31 16 18 21 23 27 8 9 11 13 14 23 26 29 31 35 0 0 0 0 0 16 18 21 24 26 
16 18 21 24 26 0 0 0 0 0 20 22 25 27 30 12 13 15 16 18 27 30 34 37 42 11 12 14 16 17 
26 29 33 36 40 16 18 21 23 25 16 18 20 23 24 17 19 22 25 27 0 0 0 0 0 15 17 19 20 23 
18 2221 4
26 29 33 37 39 13 15 17 18 21 23 26 29 31 35 0 0 0 0 0 20 22 25 28 32 16 18 21 23 27 
0 0 0 0 0 27 30 34 37 42 24 27 30 33 38 12 13 15 17 18 16 18 21 24 25 16 18 20 22 24 
14 16 18 20 21 24 27 31 34 37 11 12 14 15 16 17 19 22 24 27 0 0 0 0 0 8 9 11 12 15 
20 22 25 27 32 20 22 25 28 30 0 0 0 0 0 25 28 32 36 38 24 27 30 34 36 18 20 23 26 28 
19 2203 4
0 0 0 0 0 16 18 20 22 26 9 10 12 14 14 18 20 23 26 27 24 27 30 34 38 24 27 31 34 37 
19 21 24 26 28 26 29 33 36 40 15 17 19 20 24 0 0 0 0 0 13 15 17 18 22 17 19 22 24 27 
25 28 32 36 39 14 16 18 19 21 0 0 0 0 0 18 20 23 25 29 20 22 25 28 31 25 28 32 36 39 
13 15 17 19 22 0 0 0 0 0 8 9 10 11 14 27 30 34 37 41 17 19 22 25 28 18 20 23 26 28 
20 1466 3
23 26 29 32 35 15 17 19 20 24 19 21 24 26 29 10 11 13 14 15 12 13 15 16 20 0 0 0 0 0 
14 16 18 20 22 20 22 25 28 31 0 0 0 0 0 12 13 15 17 18 27 30 34 38 40 27 30 34 38 40 
13 15 17 18 22 0 0 0 0 0 19 21 24 26 30 18 20 23 25 29 13 15 17 19 21 19 21 24 26 28 
21 2272 3
20 23 26 28 32 25 28 32 35 38 10 11 13 15 15 8 9 10 11 12 0 0 0 0 0 24 27 31 35 38 
0 0 0 0 0 15 17 19 21 22 8 9 10 11 13 20 23 26 28 33 15 17 19 20 23 20 22 25 28 31 
20 22 25 27 32 19 21 24 27 29 23 26 29 32 36 8 9 11 12 13 12 14 16 18 20 0 0 0 0 0 
22 1230 4
12 14 16 17 20 18 20 23 26 27 0 0 0 0 0 15 17 19 21 23 23 26 29 32 34 26 29 33 37 41 
13 15 17 18 21 12 14 16 18 19 8 9 11 13 14 27 30 34 38 42 0 0 0 0 0 12 13 15 16 20 
8 9 11 12 14 21 24 27 29 34 9 10 12 14 14 18 20 23 25 29 0 0 0 0 0 22 25 28 30 34 
16 18 20 22 25 21 24 27 29 34 16 18 20 23 25 9 10 12 13 15 0 0 0 0 0 17 19 22 24 27 
23 1760 5
8 9 11 13 15 17 19 22 25 27 0 0 0 0 0 24 27 30 34 36 13 15 17 18 21 16 18 21 23 27 
22 25 28 31 33 16 18 21 23 25 13 15 17 19 22 0 0 0 0 0 8 9 11 13 14 12 13 15 16 18 
0 0 0 0 0 22 25 28 30 34 8 9 11 13 15 12 14 16 17 21 12 14 16 17 20 16 18 21 23 25 
0 0 0 0 0 8 9 11 12 14 14 16 18 19 23 25 28 32 36 38 14 16 18 19 22 13 15 17 19 22 
18 20 23 26 29 24 27 31 34 38 0 0 0 0 0 8 9 11 12 14 24 27 31 34 37 15 17 19 20 24 
24 2954 4
19 21 24 26 28 0 0 0 0 0 23 26 29 31 36 21 24 27 29 33 26 29 33 36 41 10 11 13 14 16 
27 30 34 37 40 27 30 34 37 42 12 13 15 16 18 0 0 0 0 0 12 13 15 16 20 16 18 20 23 24 
10 11 13 14 17 26 29 33 37 40 27 30 34 38 41 11 12 14 16 17 0 0 0 0 0 24 27 30 33 37 
25 28 32 35 40 0 0 0 0 0 14 16 18 19 22 24 27 30 33 37 14 16 18 20 23 13 15 17 19 21 
25 1793 5
18 20 23 25 27 17 19 22 25 28 8 9 10 11 14 0 0 0 0 0 27 30 34 38 40 24 27 31 35 37 
0 0 0 0 0 10 11 13 14 15 24 27 30 34 36 17 19 22 24 28 20 22 25 28 31 15 17 19 21 24 
21 24 27 29 32 10 11 13 15 16 0 0 0 0 0 24 27 30 34 38 10 11 13 15 17 16 18 20 23 25 
11 12 14 15 18 16 18 21 23 26 0 0 0 0 0 20 23 26 29 33 16 18 20 22 25 9 10 12 13 14 
12 13 15 17 20 20 22 25 27 32 12 14 16 17 21 10 11 13 15 17 0 0 0 0 0 18 20 23 26 29 
26 1194 5
0 0 0 0 0 12 14 16 17 21 25 28 32 35 38 15 17 19 21 22 13 15 17 18 20 15 17 19 20 23 
25 28 32 36 39 27 30 34 38 42 0 0 0 0 0 16 18 21 23 27 8 9 11 12 14 20 23 26 29 33 
20 22 25 27 31 10 11 13 15 17 23 26 29 31 35 0 0 0 0 0 22 25 28 30 34 10 11 13 14 15 
17 19 22 24 28 11 12 14 16 17 0 0 0 0 0 16 18 20 22 24 23 26 29 32 35 20 22 25 27 32 
26 29 33 36 39 17 19 22 25 26 14 16 18 20 21 0 0 0 0 0 19 21 24 27 29 27 30 34 38 41 
27 1296 3
21 24 27 29 33 22 25 28 31 33 0 0 0 0 0 14 16 18 20 22 8 9 11 12 14 24 27 30 33 37 
12 13 15 17 20 24 27 30 33 37 21 24 27 30 32 20 23 26 29 32 0 0 0 0 0 8 9 10 11 12 
0 0 0 0 0 18 20 23 26 29 20 23 26 28 33 23 26 29 31 36 22 25 28 31 33 9 10 12 14 15 
28 2739 4
24 27 31 35 38 10 11 13 15 17 20 22 25 28 31 11 12 14 16 18 10 11 13 15 17 0 0 0 0 0 
16 18 21 24 26 24 27 30 33 38 24 27 31 34 38 20 23 26 29 31 0 0 0 0 0 16 18 20 23 25 
23 26 29 31 34 24 27 30 34 37 16 18 20 22 25 10 11 13 15 15 11 12 14 16 18 0 0 0 0 0 
27 30 34 38 40 0 0 0 0 0 10 11 13 14 16 14 16 18 19 21 27 30 34 38 42 13 15 17 18 20 
29 1776 5
9 10 12 13 14 11 12 14 16 17 16 18 21 23 25 26 29 33 36 40 8 9 11 13 14 0 0 0 0 0 
9 10 12 14 14 0 0 0 0 0 20 22 25 28 30 24 27 31 35 39 12 14 16 18 19 21 24 27 29 32 
13 15 17 19 22 15 17 19 20 23 14 16 18 20 21 11 12 14 16 18 0 0 0 0 0 26 29 33 37 40 
14 16 18 20 21 14 16 18 20 23 20 23 26 28 32 14 16 18 19 22 0 0 0 0 0 16 18 20 22 26 
17 19 22 25 26 11 12 14 15 18 0 0 0 0 0 14 16 18 19 23 27 30 34 37 42 18 20 23 26 29 
0 1210 126 202 66 
1 1156 60 86 46 
2 1089 32 131 33 
3 1046 206 49 25 
4 1024 196 176 104 
5 1055 92 131 93 
17 50 8000 20000 0.52 0.78 30 5000 750 12500 0.43 0.49 900 10000 9746 5493 21 2.062
