20 9
0 2601 8
27 30 34 38 40 27 30 34 37 41 8 9 10 12 13 21 24 27 30 32 12 13 15 17 18 0 0 0 0 0 20 22 25 28 31 27 30 34 38 40 19 21 24 26 30 
14 16 18 20 22 25 28 32 35 40 24 27 31 34 39 13 15 17 18 22 26 29 33 37 39 24 27 30 34 38 0 0 0 0 0 21 24 27 29 33 8 9 11 12 13 
20 23 26 28 31 10 11 13 14 15 19 21 24 27 29 15 17 19 20 23 13 15 17 19 22 23 26 29 32 34 0 0 0 0 0 16 18 21 24 26 15 17 19 21 24 
0 0 0 0 0 17 19 22 24 26 17 19 22 25 26 20 23 26 28 32 25 28 32 35 40 19 21 24 27 28 8 9 11 13 15 9 10 12 13 14 18 20 23 25 29 
16 18 20 23 24 19 21 24 27 29 8 9 10 12 13 12 13 15 17 20 20 23 26 29 32 25 28 32 35 38 0 0 0 0 0 18 20 23 26 28 16 18 21 23 26 
25 28 32 35 38 0 0 0 0 0 15 17 19 21 22 19 21 24 27 30 12 14 16 18 19 9 10 12 13 14 16 18 20 23 25 14 16 18 20 23 8 9 11 13 13 
26 29 33 36 40 10 11 13 14 15 8 9 11 12 14 23 26 29 31 36 0 0 0 0 0 13 15 17 18 22 16 18 21 24 25 20 23 26 29 32 12 13 15 17 20 
18 20 23 25 28 8 9 10 11 13 20 23 26 28 32 20 23 26 29 31 27 30 34 37 41 24 27 31 34 37 18 20 23 26 28 0 0 0 0 0 8 9 10 12 12 
1 2792 6
18 20 23 26 28 24 27 31 35 39 22 25 28 30 33 0 0 0 0 0 20 23 26 28 33 20 23 26 28 32 15 17 19 20 22 15 17 19 20 24 11 12 14 16 16 
12 14 16 17 21 23 26 29 32 34 20 23 26 28 32 16 18 20 23 26 0 0 0 0 0 18 20 23 26 27 24 27 30 33 38 27 30 34 37 41 20 23 26 28 31 
11 12 14 15 17 8 9 11 13 15 0 0 0 0 0 13 15 17 18 21 15 17 19 20 22 8 9 10 11 12 26 29 33 37 39 24 27 30 33 38 8 9 11 13 15 
12 13 15 16 18 0 0 0 0 0 21 24 27 30 33 8 9 10 12 13 20 22 25 28 31 12 13 15 17 20 24 27 30 34 36 21 24 27 30 32 27 30 34 38 42 
19 21 24 27 29 27 30 34 38 42 20 23 26 29 32 14 16 18 19 21 20 22 25 27 32 10 11 13 14 16 9 10 12 14 14 0 0 0 0 0 16 18 21 23 25 
12 13 15 16 19 17 19 22 24 28 8 9 10 12 12 20 23 26 29 31 14 16 18 19 23 8 9 10 11 14 26 29 33 37 39 0 0 0 0 0 19 21 24 26 28 
2 2138 7
22 25 28 30 33 8 9 10 12 13 8 9 10 12 14 22 25 28 30 33 16 18 21 23 27 0 0 0 0 0 20 22 25 28 31 8 9 10 11 13 24 27 31 34 38 
12 14 16 17 21 27 30 34 37 42 17 19 22 25 26 23 26 29 32 36 12 13 15 16 18 0 0 0 0 0 9 10 12 13 14 26 29 33 36 40 14 16 18 20 22 
0 0 0 0 0 26 29 33 36 39 20 23 26 28 32 12 14 16 17 21 12 14 16 18 20 12 13 15 16 20 15 17 19 21 22 8 9 10 12 13 16 18 21 23 27 
18 20 23 25 29 20 23 26 28 32 27 30 34 37 41 13 15 17 19 21 0 0 0 0 0 16 18 20 22 24 8 9 10 12 12 20 23 26 29 32 14 16 18 20 23 
18 20 23 25 28 22 25 28 30 35 8 9 11 13 14 12 13 15 16 18 8 9 10 11 14 0 0 0 0 0 10 11 13 14 17 11 12 14 15 17 17 19 22 25 27 
16 18 20 23 25 21 24 27 30 34 0 0 0 0 0 14 16 18 20 21 21 24 27 29 34 12 13 15 16 18 16 18 21 24 27 12 14 16 17 19 23 26 29 32 36 
12 14 16 17 19 25 28 32 35 38 20 22 25 28 30 14 16 18 19 23 16 18 21 24 25 9 10 12 14 16 20 22 25 28 32 12 14 16 17 20 0 0 0 0 0 
3 1443 7
9 10 12 13 16 0 0 0 0 0 24 27 30 34 38 24 27 30 34 37 22 25 28 31 34 8 9 10 12 13 15 17 19 21 22 21 24 27 29 33 9 10 12 14 16 
12 14 16 18 21 0 0 0 0 0 14 16 18 19 22 22 25 28 30 34 25 28 32 36 39 13 15 17 19 20 21 24 27 30 33 19 21 24 26 29 15 17 19 21 22 
13 15 17 19 21 9 10 12 13 15 26 29 33 36 39 22 25 28 31 35 0 0 0 0 0 20 22 25 27 30 20 22 25 28 31 18 20 23 25 29 12 14 16 17 20 
20 23 26 28 32 15 17 19 21 22 14 16 18 20 23 24 27 30 34 37 18 20 23 26 29 14 16 18 20 22 0 0 0 0 0 27 30 34 38 41 8 9 10 12 14 
16 18 21 23 27 18 20 23 26 27 0 0 0 0 0 12 14 16 18 21 22 25 28 30 34 20 23 26 28 33 21 24 27 29 33 26 29 33 36 39 16 18 21 23 27 
25 28 32 36 40 12 14 16 17 20 23 26 29 32 35 20 22 25 27 31 0 0 0 0 0 12 14 16 18 21 20 22 25 28 30 15 17 19 20 22 17 19 22 24 28 
0 0 0 0 0 8 9 10 12 13 16 18 20 23 24 20 22 25 27 31 17 19 22 25 28 20 22 25 28 30 8 9 11 12 15 27 30 34 38 40 12 13 15 16 19 
4 2660 7
0 0 0 0 0 10 11 13 14 16 18 20 23 26 28 19 21 24 27 28 19 21 24 26 30 10 11 13 15 17 10 11 13 14 16 20 22 25 27 31 17 19 22 25 27 
26 29 33 36 40 24 27 30 34 36 9 10 12 14 14 12 13 15 16 20 13 15 17 19 20 16 18 21 24 26 12 13 15 16 19 0 0 0 0 0 9 10 12 14 16 
17 19 22 24 26 11 12 14 15 16 0 0 0 0 0 16 18 20 22 26 27 30 34 38 40 8 9 11 12 14 17 19 22 25 28 25 28 32 35 39 9 10 12 14 14 
16 18 20 23 26 15 17 19 21 22 20 23 26 29 33 20 23 26 28 33 20 22 25 28 31 12 13 15 16 19 0 0 0 0 0 8 9 10 12 14 10 11 13 14 16 
22 25 28 31 33 15 17 19 21 22 10 11 13 15 16 16 18 20 23 26 8 9 11 13 13 0 0 0 0 0 20 22 25 28 30 18 20 23 25 29 16 18 21 24 25 
16 18 21 23 27 22 25 28 31 33 16 18 20 23 26 8 9 10 11 14 20 22 25 27 32 23 26 29 32 34 18 20 23 26 28 0 0 0 0 0 23 26 29 31 34 
0 0 0 0 0 27 30 34 37 42 24 27 31 34 37 12 13 15 16 20 9 10 12 14 16 21 24 27 29 32 14 16 18 20 21 12 14 16 18 21 20 22 25 28 32 
5 1630 4
26 29 33 37 39 10 11 13 14 17 10 11 13 15 16 8 9 11 12 13 18 20 23 26 28 22 25 28 31 35 16 18 20 23 26 0 0 0 0 0 18 20 23 25 29 
18 20 23 26 28 27 30 34 37 40 24 27 30 34 38 24 27 30 34 37 16 18 20 22 25 16 18 20 23 26 18 20 23 25 29 9 10 12 13 16 0 0 0 0 0 
24 27 30 34 37 25 28 32 35 40 11 12 14 15 18 20 23 26 28 31 8 9 10 12 14 14 16 18 19 21 19 21 24 27 29 9 10 12 13 14 0 0 0 0 0 
21 24 27 29 33 21 24 27 30 34 20 22 25 28 30 21 24 27 30 34 15 17 19 21 22 17 19 22 24 26 25 28 32 35 39 0 0 0 0 0 19 21 24 26 30 
6 1370 7
9 10 12 13 14 26 29 33 37 41 8 9 10 12 14 21 24 27 29 34 18 20 23 26 29 26 29 33 36 41 23 26 29 32 34 0 0 0 0 0 8 9 11 13 14 
26 29 33 36 41 0 0 0 0 0 12 14 16 18 19 12 13 15 16 18 24 27 30 34 38 25 28 32 36 40 9 10 12 13 14 9 10 12 13 15 14 16 18 19 21 
0 0 0 0 0 23 26 29 32 36 10 11 13 15 15 14 16 18 19 23 24 27 31 34 37 20 23 26 28 32 12 13 15 16 20 27 30 34 38 42 12 14 16 18 21 
0 0 0 0 0 23 26 29 32 36 16 18 21 23 27 12 14 16 18 19 19 21 24 26 29 20 22 25 27 32 14 16 18 19 21 24 27 31 35 38 18 20 23 26 27 
22 25 28 31 33 0 0 0 0 0 26 29 33 37 39 25 28 32 35 40 20 22 25 27 31 17 19 22 25 28 13 15 17 19 20 11 12 14 16 17 20 22 25 27 31 
20 23 26 28 31 14 16 18 19 23 17 19 22 24 26 16 18 21 24 25 0 0 0 0 0 20 22 25 28 32 12 13 15 17 20 15 17 19 20 22 11 12 14 16 17 
26 29 33 37 40 0 0 0 0 0 18 20 23 25 29 12 13 15 16 18 10 11 13 15 17 20 22 25 28 30 20 22 25 28 31 8 9 10 12 14 16 18 21 24 26 
7 1984 4
8 9 11 12 13 12 13 15 17 18 16 18 20 22 24 9 10 12 13 15 26 29 33 36 40 12 14 16 18 20 0 0 0 0 0 11 12 14 16 16 12 14 16 18 21 
26 29 33 36 41 0 0 0 0 0 27 30 34 37 40 18 20 23 26 28 12 13 15 16 20 8 9 10 11 13 9 10 12 14 16 27 30 34 37 41 26 29 33 37 40 
12 14 16 17 20 0 0 0 0 0 13 15 17 18 21 11 12 14 15 16 22 25 28 31 34 16 18 21 24 27 24 27 31 35 37 17 19 22 24 28 12 13 15 16 19 
20 23 26 29 32 16 18 21 23 25 27 30 34 38 40 23 26 29 31 34 19 21 24 27 30 0 0 0 0 0 14 16 18 20 22 20 22 25 27 30 22 25 28 30 35 
8 2925 6
25 28 32 35 39 24 27 30 34 37 16 18 21 24 27 22 25 28 30 34 18 20 23 26 28 24 27 31 35 38 0 0 0 0 0 18 20 23 25 27 9 10 12 13 14 
22 25 28 31 34 0 0 0 0 0 21 24 27 29 32 10 11 13 14 16 16 18 20 22 25 23 26 29 31 34 14 16 18 20 21 8 9 10 11 13 19 21 24 27 30 
13 15 17 19 22 22 25 28 30 34 0 0 0 0 0 15 17 19 20 24 8 9 10 12 14 24 27 31 35 37 20 23 26 28 31 8 9 11 13 15 21 24 27 29 32 
21 24 27 30 34 20 22 25 27 31 11 12 14 16 16 24 27 30 34 37 0 0 0 0 0 16 18 20 23 24 23 26 29 31 34 17 19 22 24 26 14 16 18 19 22 
0 0 0 0 0 23 26 29 31 35 8 9 10 11 14 27 30 34 37 40 27 30 34 38 41 23 26 29 32 34 21 24 27 30 33 18 20 23 26 28 27 30 34 38 41 
25 28 32 35 40 15 17 19 21 22 23 26 29 32 35 10 11 13 15 17 21 24 27 29 33 0 0 0 0 0 20 23 26 29 32 20 22 25 28 30 20 22 25 27 31 
9 1946 8
8 9 11 12 14 8 9 11 13 15 26 29 33 37 41 27 30 34 38 41 12 14 16 17 19 0 0 0 0 0 13 15 17 18 21 10 11 13 14 15 9 10 12 14 16 
0 0 0 0 0 20 22 25 28 31 27 30 34 38 40 15 17 19 20 23 14 16 18 20 21 17 19 22 24 26 12 14 16 18 19 15 17 19 20 23 18 20 23 25 27 
19 21 24 27 28 25 28 32 36 39 0 0 0 0 0 22 25 28 30 33 14 16 18 20 23 26 29 33 36 41 21 24 27 29 33 25 28 32 36 38 22 25 28 30 34 
14 16 18 20 23 24 27 31 35 37 11 12 14 15 18 25 28 32 35 39 12 14 16 18 19 27 30 34 37 40 18 20 23 26 29 0 0 0 0 0 16 18 20 23 25 
20 23 26 28 32 24 27 31 35 39 10 11 13 14 15 14 16 18 19 22 14 16 18 19 23 26 29 33 36 40 16 18 21 23 27 0 0 0 0 0 18 20 23 26 29 
8 9 10 11 14 27 30 34 38 40 17 19 22 25 28 15 17 19 20 24 21 24 27 30 34 0 0 0 0 0 24 27 31 35 39 8 9 10 12 14 16 18 21 23 27 
14 16 18 20 21 11 12 14 16 17 25 28 32 35 39 17 19 22 24 27 23 26 29 32 36 10 11 13 14 15 0 0 0 0 0 19 21 24 26 29 20 23 26 29 31 
21 24 27 29 33 0 0 0 0 0 20 22 25 27 30 8 9 11 13 15 25 28 32 35 38 8 9 10 12 12 12 13 15 17 18 10 11 13 14 17 17 19 22 25 26 
10 2750 4
13 15 17 18 21 11 12 14 15 18 24 27 30 33 38 0 0 0 0 0 11 12 14 15 18 12 13 15 16 19 25 28 32 36 39 22 25 28 31 34 15 17 19 20 23 
20 22 25 28 32 16 18 20 23 26 12 14 16 17 20 21 24 27 30 34 12 14 16 18 20 20 23 26 29 33 25 28 32 36 38 8 9 10 11 13 0 0 0 0 0 
19 21 24 27 28 12 14 16 17 21 23 26 29 32 34 9 10 12 14 16 10 11 13 15 15 24 27 30 34 37 13 15 17 19 21 12 13 15 17 19 0 0 0 0 0 
23 26 29 32 36 0 0 0 0 0 14 16 18 19 22 15 17 19 20 23 8 9 11 13 14 18 20 23 25 27 20 23 26 28 31 20 22 25 27 31 12 13 15 17 18 
11 1618 5
13 15 17 19 21 8 9 11 12 13 16 18 20 22 24 0 0 0 0 0 11 12 14 15 17 24 27 30 34 36 16 18 20 22 25 24 27 30 33 36 24 27 30 33 37 
22 25 28 30 34 20 22 25 28 31 12 13 15 17 20 17 19 22 24 28 20 23 26 28 32 26 29 33 36 39 11 12 14 15 18 13 15 17 18 22 0 0 0 0 0 
14 16 18 20 23 19 21 24 27 29 27 30 34 37 41 10 11 13 15 15 16 18 21 23 25 20 23 26 28 33 10 11 13 15 16 0 0 0 0 0 8 9 10 12 14 
17 19 22 24 27 13 15 17 18 21 12 13 15 16 18 24 27 31 35 37 23 26 29 31 35 18 20 23 25 29 0 0 0 0 0 26 29 33 37 40 17 19 22 24 27 
18 20 23 26 27 0 0 0 0 0 21 24 27 29 32 16 18 20 22 26 12 13 15 16 18 16 18 20 23 24 10 11 13 14 16 11 12 14 16 16 25 28 32 35 40 
12 1466 7
16 18 20 22 24 9 10 12 13 16 17 19 22 25 27 17 19 22 25 28 12 14 16 18 21 25 28 32 35 40 8 9 11 13 14 0 0 0 0 0 16 18 20 22 24 
12 13 15 16 18 8 9 10 11 12 9 10 12 14 16 0 0 0 0 0 10 11 13 14 16 24 27 30 34 37 12 13 15 17 20 19 21 24 27 29 21 24 27 30 33 
14 16 18 20 23 24 27 30 33 36 25 28 32 36 38 0 0 0 0 0 18 20 23 26 27 12 14 16 17 19 19 21 24 27 29 23 26 29 31 34 16 18 20 23 26 
0 0 0 0 0 24 27 31 35 37 16 18 21 24 26 16 18 21 24 26 8 9 10 12 14 26 29 33 36 40 26 29 33 36 39 10 11 13 15 16 21 24 27 29 33 
25 28 32 35 39 0 0 0 0 0 24 27 30 34 38 24 27 30 34 37 27 30 34 37 42 18 20 23 26 28 15 17 19 21 22 21 24 27 29 32 19 21 24 26 29 
19 21 24 27 28 0 0 0 0 0 9 10 12 13 16 18 20 23 25 27 19 21 24 26 29 25 28 32 35 40 19 21 24 27 29 12 14 16 18 19 25 28 32 35 38 
13 15 17 19 22 25 28 32 36 40 18 20 23 25 28 0 0 0 0 0 21 24 27 30 33 12 13 15 16 20 8 9 10 12 13 27 30 34 38 41 25 28 32 35 38 
13 1102 7
14 16 18 19 23 0 0 0 0 0 20 22 25 28 30 25 28 32 36 40 20 23 26 29 31 11 12 14 15 16 13 15 17 19 21 20 22 25 27 30 21 24 27 30 34 
0 0 0 0 0 9 10 12 14 16 15 17 19 21 22 13 15 17 18 20 9 10 12 14 14 26 29 33 36 39 20 23 26 29 31 22 25 28 30 33 23 26 29 32 35 
17 19 22 25 28 15 17 19 20 24 13 15 17 18 21 24 27 30 34 36 0 0 0 0 0 9 10 12 13 15 9 10 12 14 15 11 12 14 16 18 24 27 30 33 37 
11 12 14 16 17 24 27 31 34 37 12 14 16 17 20 25 28 32 36 38 20 22 25 28 31 20 22 25 27 31 0 0 0 0 0 11 12 14 16 16 8 9 10 11 12 
16 18 20 22 25 14 16 18 19 22 8 9 11 12 13 0 0 0 0 0 22 25 28 30 35 9 10 12 13 14 24 27 30 33 38 15 17 19 20 22 8 9 11 13 15 
27 30 34 37 41 12 13 15 16 19 23 26 29 31 34 26 29 33 36 39 17 19 22 24 28 0 0 0 0 0 17 19 22 24 27 24 27 30 34 38 26 29 33 36 41 
12 14 16 17 20 0 0 0 0 0 15 17 19 20 23 19 21 24 27 28 9 10 12 14 14 10 11 13 15 15 8 9 10 11 12 22 25 28 31 34 12 13 15 16 19 
14 2694 8
11 12 14 15 17 24 27 31 34 37 11 12 14 16 16 20 23 26 28 32 8 9 10 11 13 0 0 0 0 0 17 19 22 24 27 20 23 26 28 33 24 27 30 34 37 
20 22 25 27 31 19 21 24 26 30 10 11 13 14 16 0 0 0 0 0 8 9 10 11 12 16 18 21 23 26 22 25 28 30 33 23 26 29 32 35 24 27 31 35 38 
8 9 10 11 12 21 24 27 29 34 24 27 31 34 39 12 13 15 17 18 16 18 21 24 25 18 20 23 25 29 14 16 18 19 21 0 0 0 0 0 27 30 34 38 41 
27 30 34 37 41 0 0 0 0 0 21 24 27 29 33 15 17 19 20 24 9 10 12 13 14 10 11 13 14 17 20 22 25 28 30 20 23 26 28 32 10 11 13 14 16 
12 13 15 16 19 19 21 24 27 30 0 0 0 0 0 25 28 32 35 40 21 24 27 30 32 22 25 28 30 34 10 11 13 15 17 23 26 29 31 35 16 18 20 23 24 
11 12 14 16 18 16 18 21 24 26 10 11 13 15 16 20 22 25 28 31 12 14 16 18 20 0 0 0 0 0 16 18 20 23 24 22 25 28 30 35 20 22 25 28 32 
25 28 32 36 38 27 30 34 37 42 16 18 21 24 27 20 22 25 28 31 20 23 26 29 32 19 21 24 26 28 0 0 0 0 0 8 9 11 13 13 12 14 16 17 21 
0 0 0 0 0 16 18 21 23 26 9 10 12 13 14 26 29 33 37 40 24 27 31 34 37 12 14 16 18 19 24 27 31 35 38 26 29 33 36 39 25 28 32 36 39 
15 2969 7
13 15 17 19 22 19 21 24 26 29 25 28 32 35 39 18 20 23 26 28 12 14 16 18 20 18 20 23 25 29 0 0 0 0 0 21 24 27 30 34 23 26 29 31 36 
23 26 29 32 35 20 23 26 29 31 15 17 19 20 24 20 22 25 27 31 24 27 31 35 38 11 12 14 16 16 8 9 10 12 12 16 18 21 24 26 0 0 0 0 0 
21 24 27 29 34 26 29 33 36 39 0 0 0 0 0 25 28 32 36 40 16 18 20 22 24 15 17 19 20 23 17 19 22 24 27 14 16 18 19 22 24 27 30 33 38 
14 16 18 19 23 13 15 17 18 20 18 20 23 25 28 21 24 27 29 34 12 14 16 18 20 0 0 0 0 0 16 18 20 23 26 8 9 10 12 13 11 12 14 16 17 
27 30 34 38 40 13 15 17 19 20 12 13 15 16 19 22 25 28 31 33 8 9 10 12 12 10 11 13 14 16 0 0 0 0 0 15 17 19 21 23 16 18 20 22 24 
0 0 0 0 0 14 16 18 20 22 20 22 25 27 31 17 19 22 25 27 12 13 15 16 20 21 24 27 29 34 25 28 32 36 38 18 20 23 26 27 20 23 26 29 31 
20 23 26 28 31 17 19 22 24 27 22 25 28 31 33 15 17 19 20 24 26 29 33 37 41 26 29 33 37 39 11 12 14 16 16 0 0 0 0 0 10 11 13 15 17 
16 2487 5
20 22 25 27 32 24 27 31 35 39 8 9 10 12 14 21 24 27 29 34 20 23 26 29 31 11 12 14 16 16 0 0 0 0 0 26 29 33 37 41 11 12 14 16 18 
19 21 24 26 30 8 9 11 13 13 16 18 21 23 25 19 21 24 26 28 14 16 18 20 23 15 17 19 20 22 0 0 0 0 0 20 22 25 27 30 20 23 26 29 33 
8 9 10 11 13 22 25 28 31 35 11 12 14 15 18 19 21 24 27 29 26 29 33 37 41 20 23 26 29 31 17 19 22 24 27 0 0 0 0 0 13 15 17 19 22 
23 26 29 31 34 16 18 20 22 25 25 28 32 36 39 11 12 14 16 17 17 19 22 24 26 21 24 27 30 33 12 14 16 18 19 0 0 0 0 0 26 29 33 37 41 
24 27 30 33 37 20 22 25 27 32 24 27 31 35 38 0 0 0 0 0 12 13 15 16 19 12 14 16 18 20 15 17 19 21 22 16 18 20 23 24 10 11 13 14 16 
17 2524 5
23 26 29 31 34 12 14 16 17 19 19 21 24 26 29 0 0 0 0 0 8 9 11 13 14 12 14 16 18 20 20 23 26 28 31 20 22 25 27 31 8 9 10 11 12 
20 22 25 27 31 8 9 10 12 12 10 11 13 14 17 24 27 31 34 37 0 0 0 0 0 8 9 10 12 14 12 14 16 18 19 16 18 21 23 26 13 15 17 19 21 
24 27 31 35 38 24 27 31 35 38 24 27 31 35 37 9 10 12 13 15 20 23 26 29 32 20 23 26 29 31 17 19 22 24 26 0 0 0 0 0 8 9 11 12 14 
24 27 30 33 36 0 0 0 0 0 26 29 33 37 41 20 23 26 28 33 25 28 32 36 40 8 9 10 12 14 13 15 17 19 21 10 11 13 14 16 10 11 13 14 17 
8 9 11 13 15 25 28 32 35 38 13 15 17 19 20 12 14 16 18 19 15 17 19 20 23 0 0 0 0 0 24 27 30 33 38 18 20 23 26 28 22 25 28 30 34 
18 1804 5
15 17 19 20 24 23 26 29 31 34 16 18 20 23 26 0 0 0 0 0 20 22 25 28 30 9 10 12 13 16 12 14 16 18 20 19 21 24 27 29 11 12 14 15 17 
15 17 19 21 22 9 10 12 14 15 8 9 11 13 15 12 13 15 17 18 16 18 20 23 26 10 11 13 14 17 19 21 24 26 28 0 0 0 0 0 24 27 31 35 38 
20 22 25 27 31 0 0 0 0 0 17 19 22 24 26 10 11 13 15 15 24 27 31 34 37 16 18 21 24 25 8 9 11 12 14 17 19 22 25 28 13 15 17 18 22 
11 12 14 15 18 16 18 21 23 27 20 23 26 28 33 27 30 34 38 42 26 29 33 36 40 0 0 0 0 0 8 9 10 11 12 11 12 14 16 18 12 14 16 17 20 
26 29 33 37 39 8 9 10 11 12 11 12 14 15 17 24 27 31 35 37 16 18 20 23 24 9 10 12 13 14 0 0 0 0 0 23 26 29 31 34 19 21 24 27 30 
19 1282 5
24 27 30 33 37 10 11 13 14 15 17 19 22 25 26 0 0 0 0 0 23 26 29 32 35 17 19 22 24 27 21 24 27 30 33 21 24 27 30 33 10 11 13 15 16 
14 16 18 20 22 14 16 18 19 23 0 0 0 0 0 12 14 16 17 20 12 14 16 18 20 16 18 20 23 25 25 28 32 35 39 15 17 19 20 24 24 27 30 34 36 
0 0 0 0 0 17 19 22 24 27 26 29 33 36 41 20 22 25 27 31 12 14 16 17 19 26 29 33 36 39 19 21 24 27 29 16 18 21 23 27 13 15 17 19 22 
25 28 32 35 39 14 16 18 20 22 0 0 0 0 0 24 27 30 34 37 9 10 12 13 15 10 11 13 15 17 21 24 27 29 34 14 16 18 19 21 17 19 22 25 28 
22 25 28 30 35 8 9 10 12 13 0 0 0 0 0 15 17 19 21 22 25 28 32 36 40 18 20 23 25 28 24 27 30 33 37 20 22 25 28 30 22 25 28 30 33 
0 1208 78 135 72 
1 1472 122 194 16 
2 1406 43 63 100 
3 1061 107 91 98 
4 1331 30 90 59 
5 1465 192 34 109 
6 1330 214 36 85 
7 1404 179 147 91 
8 1420 158 103 20 
17 50 8000 20000 0.52 0.78 30 5000 750 12500 0.43 0.49 900 10000 9746 5493 21 2.062
