40 6
0 2673 4
20 23 26 28 32 24 27 30 34 36 16 18 20 23 26 0 0 0 0 0 12 13 15 16 20 22 25 28 30 34 
16 18 21 23 26 22 25 28 31 33 21 24 27 29 32 26 29 33 37 39 22 25 28 31 35 0 0 0 0 0 
8 9 10 12 14 18 20 23 25 29 0 0 0 0 0 8 9 10 11 14 19 21 24 26 30 10 11 13 15 16 
12 14 16 17 19 10 11 13 15 16 8 9 10 12 12 12 13 15 16 19 0 0 0 0 0 25 28 32 36 38 
1 1631 4
12 14 16 18 20 12 13 15 17 18 12 14 16 17 21 12 14 16 18 21 24 27 31 35 37 0 0 0 0 0 
12 14 16 18 20 21 24 27 30 32 0 0 0 0 0 24 27 31 34 37 21 24 27 29 33 13 15 17 19 22 
26 29 33 37 39 8 9 10 11 12 0 0 0 0 0 18 20 23 25 29 20 23 26 28 33 12 13 15 17 19 
11 12 14 16 16 14 16 18 20 22 13 15 17 18 20 9 10 12 13 16 23 26 29 32 34 0 0 0 0 0 
2 1643 4
24 27 30 33 36 14 16 18 20 21 18 20 23 26 29 8 9 11 13 15 22 25 28 30 34 0 0 0 0 0 
12 14 16 18 21 0 0 0 0 0 8 9 11 13 13 23 26 29 32 34 10 11 13 15 15 25 28 32 35 40 
14 16 18 19 23 17 19 22 25 27 12 14 16 18 21 9 10 12 13 16 0 0 0 0 0 26 29 33 36 40 
24 27 30 33 37 14 16 18 20 23 17 19 22 24 26 0 0 0 0 0 16 18 20 22 24 12 14 16 18 20 
3 1117 6
24 27 31 35 38 12 14 16 18 19 27 30 34 37 40 27 30 34 37 40 0 0 0 0 0 8 9 10 11 14 
11 12 14 15 18 0 0 0 0 0 10 11 13 14 17 12 13 15 16 19 20 23 26 28 31 20 22 25 28 32 
0 0 0 0 0 18 20 23 26 27 8 9 10 12 12 11 12 14 15 16 15 17 19 20 22 15 17 19 21 22 
14 16 18 19 23 8 9 10 12 13 15 17 19 20 22 0 0 0 0 0 24 27 31 35 38 16 18 21 24 25 
0 0 0 0 0 11 12 14 15 16 16 18 20 23 26 18 20 23 26 29 17 19 22 25 27 16 18 21 24 25 
15 17 19 21 22 0 0 0 0 0 17 19 22 25 26 25 28 32 36 38 26 29 33 37 41 17 19 22 24 26 
4 1543 4
9 10 12 13 14 16 18 21 24 27 18 20 23 26 29 27 30 34 38 42 0 0 0 0 0 8 9 11 12 14 
26 29 33 36 39 0 0 0 0 0 24 27 30 33 37 21 24 27 29 33 19 21 24 27 28 17 19 22 24 26 
0 0 0 0 0 24 27 31 35 38 10 11 13 15 17 20 23 26 28 31 10 11 13 15 17 26 29 33 37 41 
8 9 11 13 14 0 0 0 0 0 24 27 30 33 36 17 19 22 25 26 19 21 24 26 29 15 17 19 21 23 
5 2213 5
0 0 0 0 0 12 14 16 17 21 20 23 26 28 32 27 30 34 37 40 25 28 32 35 40 15 17 19 20 24 
16 18 21 23 25 12 13 15 16 18 0 0 0 0 0 17 19 22 25 27 14 16 18 20 22 8 9 10 11 14 
16 18 20 23 24 8 9 10 11 14 11 12 14 16 18 15 17 19 21 22 0 0 0 0 0 8 9 11 12 15 
16 18 20 22 25 17 19 22 25 27 24 27 31 34 37 0 0 0 0 0 24 27 30 33 38 20 23 26 28 33 
16 18 21 23 26 0 0 0 0 0 24 27 30 34 38 12 13 15 17 18 20 22 25 28 31 12 13 15 16 18 
6 2384 4
16 18 20 22 25 18 20 23 26 27 0 0 0 0 0 16 18 21 23 27 8 9 10 12 13 24 27 31 35 37 
0 0 0 0 0 23 26 29 31 34 12 13 15 17 20 11 12 14 15 17 26 29 33 36 39 23 26 29 31 36 
27 30 34 38 40 21 24 27 30 33 9 10 12 14 15 20 23 26 29 31 0 0 0 0 0 21 24 27 30 32 
19 21 24 27 30 25 28 32 36 38 12 14 16 18 20 24 27 31 35 39 0 0 0 0 0 12 14 16 18 19 
7 1694 4
12 14 16 18 20 10 11 13 14 16 10 11 13 15 16 18 20 23 25 29 0 0 0 0 0 21 24 27 29 33 
20 22 25 28 30 24 27 30 34 37 24 27 31 35 38 20 22 25 28 31 0 0 0 0 0 26 29 33 37 39 
19 21 24 27 28 0 0 0 0 0 15 17 19 20 24 14 16 18 19 23 22 25 28 30 35 15 17 19 20 24 
22 25 28 30 34 18 20 23 26 29 8 9 11 12 14 0 0 0 0 0 26 29 33 37 40 8 9 10 12 14 
8 2958 3
0 0 0 0 0 27 30 34 38 40 18 20 23 26 27 25 28 32 35 39 23 26 29 31 34 27 30 34 37 40 
18 20 23 26 27 18 20 23 25 27 0 0 0 0 0 14 16 18 19 22 27 30 34 37 42 27 30 34 37 41 
27 30 34 38 42 19 21 24 26 28 0 0 0 0 0 9 10 12 13 16 15 17 19 21 23 12 13 15 16 19 
9 1536 6
18 20 23 26 27 16 18 20 23 25 18 20 23 26 29 12 14 16 18 19 21 24 27 29 33 0 0 0 0 0 
16 18 21 24 25 12 14 16 17 19 24 27 31 35 39 0 0 0 0 0 16 18 21 23 26 23 26 29 31 36 
14 16 18 20 21 23 26 29 31 35 24 27 31 35 37 0 0 0 0 0 17 19 22 25 26 11 12 14 16 16 
27 30 34 38 42 0 0 0 0 0 24 27 31 34 38 16 18 21 23 26 20 22 25 28 30 8 9 10 12 14 
25 28 32 36 38 8 9 10 11 13 19 21 24 26 30 20 23 26 29 33 0 0 0 0 0 9 10 12 13 15 
25 28 32 36 39 19 21 24 26 30 0 0 0 0 0 20 23 26 28 33 12 13 15 16 19 23 26 29 32 35 
10 2168 6
9 10 12 13 15 19 21 24 26 30 27 30 34 38 40 9 10 12 13 16 0 0 0 0 0 10 11 13 14 16 
23 26 29 31 36 21 24 27 29 34 21 24 27 30 33 14 16 18 19 21 0 0 0 0 0 16 18 21 23 26 
0 0 0 0 0 26 29 33 36 39 8 9 11 12 13 26 29 33 36 41 23 26 29 32 35 17 19 22 24 26 
25 28 32 36 39 0 0 0 0 0 8 9 10 11 12 8 9 10 11 13 13 15 17 18 20 18 20 23 25 27 
22 25 28 31 35 23 26 29 31 35 0 0 0 0 0 12 14 16 18 21 13 15 17 19 20 13 15 17 18 21 
20 23 26 28 32 15 17 19 21 22 0 0 0 0 0 17 19 22 24 27 8 9 10 12 14 9 10 12 14 15 
11 1955 4
0 0 0 0 0 22 25 28 30 35 25 28 32 35 38 10 11 13 14 16 12 13 15 17 18 17 19 22 24 28 
0 0 0 0 0 22 25 28 31 33 10 11 13 15 15 27 30 34 37 40 27 30 34 37 42 23 26 29 32 34 
0 0 0 0 0 12 14 16 17 19 18 20 23 26 28 8 9 11 13 15 23 26 29 32 35 10 11 13 15 17 
8 9 11 13 13 27 30 34 38 42 27 30 34 37 40 15 17 19 21 24 0 0 0 0 0 10 11 13 14 16 
12 1193 5
16 18 20 22 26 24 27 30 33 36 12 14 16 17 19 13 15 17 18 20 0 0 0 0 0 15 17 19 21 23 
16 18 21 23 27 12 13 15 16 19 24 27 31 35 38 26 29 33 36 41 10 11 13 14 15 0 0 0 0 0 
17 19 22 24 28 22 25 28 31 34 0 0 0 0 0 26 29 33 37 40 15 17 19 20 23 23 26 29 31 36 
16 18 20 23 25 11 12 14 15 17 15 17 19 21 22 0 0 0 0 0 20 22 25 27 30 11 12 14 16 18 
15 17 19 20 24 21 24 27 29 34 0 0 0 0 0 20 22 25 27 32 19 21 24 26 29 17 19 22 25 28 
13 1120 6
24 27 30 33 38 0 0 0 0 0 18 20 23 25 27 27 30 34 38 41 18 20 23 25 27 12 14 16 18 20 
20 22 25 27 30 16 18 21 24 25 12 14 16 18 20 25 28 32 35 39 23 26 29 31 35 0 0 0 0 0 
22 25 28 31 35 20 22 25 28 30 24 27 30 34 38 16 18 21 24 26 0 0 0 0 0 20 22 25 28 31 
20 23 26 29 31 0 0 0 0 0 24 27 30 33 38 24 27 31 35 38 24 27 31 34 39 18 20 23 26 28 
9 10 12 14 16 11 12 14 16 17 0 0 0 0 0 24 27 30 33 37 12 14 16 18 21 9 10 12 14 15 
15 17 19 20 23 0 0 0 0 0 18 20 23 26 28 15 17 19 20 23 8 9 10 12 13 17 19 22 25 26 
14 1799 6
26 29 33 37 41 22 25 28 31 34 0 0 0 0 0 19 21 24 27 29 25 28 32 35 38 14 16 18 19 22 
18 20 23 26 29 20 23 26 29 32 0 0 0 0 0 16 18 20 23 24 27 30 34 38 40 16 18 21 24 26 
17 19 22 24 26 24 27 31 35 37 0 0 0 0 0 12 13 15 17 19 27 30 34 38 41 12 13 15 17 19 
13 15 17 19 22 15 17 19 20 22 24 27 31 34 39 0 0 0 0 0 23 26 29 32 34 14 16 18 19 23 
16 18 21 24 27 16 18 20 22 25 13 15 17 18 20 23 26 29 31 36 23 26 29 32 36 0 0 0 0 0 
26 29 33 37 39 27 30 34 38 42 8 9 11 12 15 0 0 0 0 0 27 30 34 37 42 16 18 21 24 25 
15 2298 6
17 19 22 25 27 15 17 19 20 23 0 0 0 0 0 20 23 26 28 33 24 27 30 34 38 23 26 29 31 34 
25 28 32 35 40 14 16 18 19 22 0 0 0 0 0 21 24 27 29 34 25 28 32 36 39 24 27 30 33 36 
20 22 25 27 32 23 26 29 31 35 16 18 21 24 26 17 19 22 24 27 24 27 30 33 37 0 0 0 0 0 
14 16 18 20 22 0 0 0 0 0 14 16 18 20 22 15 17 19 20 24 12 13 15 17 19 16 18 20 23 26 
12 14 16 17 20 24 27 30 34 37 24 27 31 35 39 25 28 32 36 39 0 0 0 0 0 23 26 29 31 36 
24 27 31 34 38 15 17 19 20 22 10 11 13 14 15 16 18 21 24 27 0 0 0 0 0 9 10 12 14 15 
16 1012 6
10 11 13 15 15 16 18 20 22 25 10 11 13 14 16 0 0 0 0 0 23 26 29 31 34 22 25 28 31 33 
12 13 15 16 19 25 28 32 35 40 15 17 19 20 22 8 9 10 11 14 0 0 0 0 0 20 23 26 28 33 
9 10 12 14 14 0 0 0 0 0 12 14 16 17 20 17 19 22 25 28 13 15 17 19 22 15 17 19 20 22 
16 18 21 24 26 24 27 30 33 38 16 18 21 24 27 23 26 29 32 34 0 0 0 0 0 19 21 24 26 29 
13 15 17 18 20 16 18 20 22 25 20 23 26 29 33 26 29 33 36 39 16 18 21 23 27 0 0 0 0 0 
19 21 24 27 29 17 19 22 24 26 0 0 0 0 0 18 20 23 26 27 19 21 24 26 28 20 23 26 28 32 
17 1365 3
15 17 19 21 24 17 19 22 25 27 0 0 0 0 0 11 12 14 15 17 8 9 11 12 14 15 17 19 21 23 
14 16 18 20 21 0 0 0 0 0 15 17 19 20 23 19 21 24 26 28 18 20 23 26 28 12 14 16 17 19 
0 0 0 0 0 17 19 22 24 26 21 24 27 29 32 21 24 27 30 33 14 16 18 19 22 24 27 31 34 37 
18 2059 6
26 29 33 37 41 8 9 11 13 13 22 25 28 30 34 0 0 0 0 0 21 24 27 30 34 14 16 18 20 22 
8 9 11 13 15 0 0 0 0 0 21 24 27 30 34 16 18 20 23 25 8 9 10 11 14 14 16 18 19 21 
16 18 21 23 27 25 28 32 35 40 0 0 0 0 0 8 9 11 12 14 20 23 26 29 32 18 20 23 25 28 
16 18 21 23 25 16 18 20 22 24 10 11 13 15 17 0 0 0 0 0 12 13 15 17 19 17 19 22 24 28 
16 18 20 22 25 23 26 29 31 34 16 18 20 22 25 0 0 0 0 0 24 27 31 35 38 26 29 33 37 39 
23 26 29 31 34 0 0 0 0 0 9 10 12 13 16 26 29 33 37 40 16 18 20 23 24 20 23 26 29 33 
19 2083 4
15 17 19 21 24 22 25 28 31 35 19 21 24 26 30 0 0 0 0 0 27 30 34 37 40 23 26 29 31 34 
9 10 12 13 16 8 9 10 12 13 0 0 0 0 0 22 25 28 30 35 8 9 10 12 12 14 16 18 20 21 
10 11 13 15 15 0 0 0 0 0 22 25 28 31 33 12 14 16 17 21 14 16 18 20 21 21 24 27 30 33 
27 30 34 38 40 0 0 0 0 0 12 14 16 17 20 20 22 25 28 32 11 12 14 16 17 23 26 29 31 35 
20 1748 6
27 30 34 37 41 0 0 0 0 0 19 21 24 26 28 19 21 24 27 28 16 18 20 22 24 19 21 24 27 28 
8 9 11 12 15 26 29 33 36 39 0 0 0 0 0 13 15 17 19 22 11 12 14 15 17 20 22 25 28 32 
11 12 14 16 16 0 0 0 0 0 23 26 29 32 34 15 17 19 21 22 16 18 21 24 25 26 29 33 37 41 
15 17 19 21 22 21 24 27 29 33 0 0 0 0 0 24 27 30 33 37 20 22 25 27 31 24 27 30 33 38 
18 20 23 25 27 0 0 0 0 0 11 12 14 15 17 18 20 23 26 27 16 18 21 24 27 17 19 22 25 26 
8 9 11 13 13 9 10 12 13 15 11 12 14 16 18 27 30 34 37 40 0 0 0 0 0 25 28 32 35 38 
21 1891 6
25 28 32 35 38 14 16 18 19 22 24 27 30 34 36 16 18 21 24 26 0 0 0 0 0 18 20 23 26 29 
24 27 30 33 36 13 15 17 19 21 12 14 16 17 19 0 0 0 0 0 13 15 17 18 20 9 10 12 13 14 
17 19 22 24 26 20 23 26 29 32 17 19 22 25 28 13 15 17 18 22 23 26 29 31 35 0 0 0 0 0 
12 14 16 18 21 13 15 17 18 22 10 11 13 15 15 13 15 17 19 20 0 0 0 0 0 8 9 11 13 13 
20 22 25 27 31 24 27 30 33 38 11 12 14 15 16 21 24 27 30 32 27 30 34 38 41 0 0 0 0 0 
25 28 32 35 38 0 0 0 0 0 10 11 13 14 16 24 27 31 34 39 12 13 15 17 19 9 10 12 13 15 
22 1714 4
0 0 0 0 0 9 10 12 14 14 14 16 18 20 22 13 15 17 19 20 23 26 29 31 35 27 30 34 37 42 
24 27 30 34 36 0 0 0 0 0 19 21 24 27 29 11 12 14 15 18 25 28 32 36 40 23 26 29 32 35 
12 13 15 17 18 12 13 15 16 20 0 0 0 0 0 24 27 30 34 37 24 27 30 34 38 23 26 29 32 35 
0 0 0 0 0 8 9 11 12 13 14 16 18 20 22 14 16 18 19 22 10 11 13 15 17 21 24 27 29 33 
23 2542 4
26 29 33 36 39 16 18 21 24 26 0 0 0 0 0 15 17 19 20 22 19 21 24 27 29 25 28 32 35 40 
27 30 34 38 42 27 30 34 37 41 17 19 22 24 27 0 0 0 0 0 24 27 30 33 36 14 16 18 19 22 
0 0 0 0 0 10 11 13 14 16 10 11 13 15 17 9 10 12 14 16 23 26 29 31 34 24 27 31 34 37 
17 19 22 24 27 0 0 0 0 0 27 30 34 38 40 19 21 24 27 30 11 12 14 15 16 21 24 27 29 34 
24 2135 6
19 21 24 27 28 0 0 0 0 0 17 19 22 24 27 27 30 34 37 41 9 10 12 13 14 15 17 19 20 24 
24 27 30 34 37 24 27 30 33 37 0 0 0 0 0 10 11 13 14 17 19 21 24 26 29 11 12 14 16 18 
20 22 25 28 30 8 9 10 11 12 19 21 24 27 28 23 26 29 32 34 26 29 33 36 40 0 0 0 0 0 
21 24 27 30 34 11 12 14 16 16 20 23 26 28 33 23 26 29 32 34 9 10 12 14 15 0 0 0 0 0 
25 28 32 35 39 23 26 29 32 34 14 16 18 20 23 0 0 0 0 0 8 9 10 11 12 12 13 15 16 20 
11 12 14 15 18 0 0 0 0 0 9 10 12 13 16 12 14 16 18 20 25 28 32 35 39 11 12 14 16 18 
25 2272 4
14 16 18 20 22 24 27 30 34 36 11 12 14 15 18 22 25 28 31 35 0 0 0 0 0 15 17 19 21 23 
0 0 0 0 0 20 23 26 28 31 12 13 15 16 18 16 18 21 23 27 15 17 19 20 24 16 18 21 23 26 
26 29 33 36 40 24 27 30 34 38 13 15 17 19 20 22 25 28 30 34 0 0 0 0 0 26 29 33 37 41 
25 28 32 35 38 9 10 12 14 14 17 19 22 25 26 20 23 26 29 33 11 12 14 15 18 0 0 0 0 0 
26 2910 4
11 12 14 15 16 23 26 29 31 35 27 30 34 37 41 16 18 21 24 27 23 26 29 32 35 0 0 0 0 0 
17 19 22 25 26 24 27 31 35 37 20 23 26 28 31 0 0 0 0 0 20 22 25 27 30 24 27 31 34 37 
16 18 21 24 27 24 27 30 34 38 14 16 18 19 21 17 19 22 25 27 0 0 0 0 0 18 20 23 25 29 
11 12 14 16 18 8 9 11 12 14 9 10 12 13 14 23 26 29 31 34 24 27 30 34 38 0 0 0 0 0 
27 2672 4
0 0 0 0 0 22 25 28 30 34 11 12 14 15 17 23 26 29 31 36 19 21 24 27 30 20 22 25 28 31 
22 25 28 30 35 18 20 23 26 27 11 12 14 16 18 0 0 0 0 0 16 18 21 24 26 9 10 12 14 14 
25 28 32 36 38 18 20 23 25 27 21 24 27 30 32 0 0 0 0 0 16 18 20 22 25 25 28 32 35 40 
12 13 15 17 20 17 19 22 25 28 0 0 0 0 0 11 12 14 15 17 13 15 17 19 21 19 21 24 26 28 
28 2321 6
0 0 0 0 0 12 14 16 17 20 15 17 19 20 23 11 12 14 16 17 20 22 25 27 31 10 11 13 14 15 
12 13 15 16 19 20 23 26 28 32 0 0 0 0 0 16 18 20 23 25 18 20 23 26 28 23 26 29 32 35 
8 9 11 12 14 0 0 0 0 0 25 28 32 36 38 17 19 22 25 27 23 26 29 31 34 15 17 19 21 24 
12 13 15 17 20 0 0 0 0 0 12 14 16 18 19 14 16 18 20 21 23 26 29 32 36 15 17 19 20 23 
16 18 20 23 25 0 0 0 0 0 10 11 13 15 16 21 24 27 30 32 8 9 11 13 15 11 12 14 15 17 
14 16 18 19 23 23 26 29 31 34 13 15 17 19 20 27 30 34 38 41 0 0 0 0 0 20 23 26 28 32 
29 1441 5
10 11 13 14 17 0 0 0 0 0 24 27 30 33 38 26 29 33 36 39 19 21 24 27 29 26 29 33 37 39 
8 9 11 13 13 18 20 23 26 29 12 14 16 18 19 0 0 0 0 0 20 22 25 28 31 20 23 26 28 33 
25 28 32 35 39 16 18 20 23 26 27 30 34 38 40 20 22 25 27 32 14 16 18 20 22 0 0 0 0 0 
26 29 33 37 41 8 9 10 12 13 10 11 13 15 17 0 0 0 0 0 22 25 28 31 33 18 20 23 26 28 
0 0 0 0 0 8 9 11 12 13 12 14 16 17 20 16 18 20 22 25 25 28 32 35 38 22 25 28 30 33 
30 2689 5
18 20 23 25 28 0 0 0 0 0 18 20 23 26 27 15 17 19 20 23 14 16 18 19 23 15 17 19 20 23 
8 9 11 12 15 20 23 26 28 31 0 0 0 0 0 27 30 34 38 42 17 19 22 25 26 13 15 17 18 21 
24 27 30 34 38 13 15 17 18 22 24 27 31 34 37 20 22 25 27 32 18 20 23 26 27 0 0 0 0 0 
24 27 31 34 38 0 0 0 0 0 11 12 14 15 16 16 18 20 23 25 16 18 20 23 24 24 27 30 34 36 
27 30 34 37 42 9 10 12 14 15 16 18 20 23 25 16 18 21 24 27 8 9 11 13 15 0 0 0 0 0 
31 2741 6
19 21 24 26 29 8 9 10 11 12 20 23 26 28 31 0 0 0 0 0 19 21 24 26 29 13 15 17 18 22 
18 20 23 26 29 10 11 13 14 15 13 15 17 19 22 18 20 23 25 27 0 0 0 0 0 10 11 13 15 16 
13 15 17 18 21 0 0 0 0 0 13 15 17 19 20 8 9 11 12 13 16 18 21 23 27 20 23 26 29 32 
0 0 0 0 0 16 18 20 22 25 11 12 14 16 17 12 13 15 16 18 18 20 23 26 28 9 10 12 14 15 
21 24 27 29 34 11 12 14 15 16 0 0 0 0 0 10 11 13 14 15 20 22 25 28 30 8 9 11 12 15 
19 21 24 26 30 14 16 18 19 22 20 22 25 28 31 16 18 21 23 26 27 30 34 38 42 0 0 0 0 0 
32 1146 4
0 0 0 0 0 13 15 17 19 20 9 10 12 14 16 15 17 19 21 24 20 22 25 28 30 10 11 13 15 15 
0 0 0 0 0 9 10 12 14 15 11 12 14 16 18 20 23 26 28 32 27 30 34 37 41 20 22 25 28 31 
8 9 10 12 13 16 18 21 24 27 19 21 24 26 29 0 0 0 0 0 11 12 14 15 18 21 24 27 29 34 
23 26 29 31 34 21 24 27 29 32 27 30 34 37 41 12 14 16 17 20 0 0 0 0 0 23 26 29 32 36 
33 2221 3
16 18 21 23 25 24 27 30 33 36 11 12 14 15 18 10 11 13 14 16 24 27 31 35 37 0 0 0 0 0 
26 29 33 36 39 0 0 0 0 0 12 13 15 16 18 9 10 12 13 15 15 17 19 21 23 13 15 17 19 20 
20 22 25 27 31 21 24 27 29 32 26 29 33 36 40 19 21 24 27 30 21 24 27 30 32 0 0 0 0 0 
34 2480 5
21 24 27 29 33 0 0 0 0 0 8 9 10 11 13 12 13 15 16 18 22 25 28 30 35 12 13 15 17 18 
25 28 32 35 38 0 0 0 0 0 22 25 28 30 34 27 30 34 37 42 17 19 22 25 26 14 16 18 19 21 
11 12 14 16 17 12 14 16 17 20 24 27 31 35 38 26 29 33 36 39 0 0 0 0 0 12 13 15 17 20 
20 23 26 28 32 26 29 33 36 40 16 18 20 23 24 20 23 26 28 33 19 21 24 26 28 0 0 0 0 0 
12 14 16 17 19 8 9 11 12 13 11 12 14 16 18 0 0 0 0 0 11 12 14 15 17 12 13 15 16 18 
35 1339 3
0 0 0 0 0 24 27 30 34 37 13 15 17 18 20 20 23 26 28 31 15 17 19 21 24 24 27 31 35 38 
0 0 0 0 0 24 27 31 34 38 11 12 14 15 16 27 30 34 37 41 23 26 29 31 35 21 24 27 30 34 
0 0 0 0 0 12 13 15 16 19 27 30 34 38 42 24 27 31 34 37 8 9 11 12 13 8 9 10 12 12 
36 2947 6
20 22 25 27 32 9 10 12 14 15 20 23 26 28 33 24 27 31 34 37 0 0 0 0 0 25 28 32 35 39 
11 12 14 15 18 13 15 17 18 20 22 25 28 31 35 0 0 0 0 0 21 24 27 30 33 13 15 17 18 20 
15 17 19 21 22 14 16 18 20 23 0 0 0 0 0 16 18 20 22 26 16 18 21 24 26 8 9 11 12 15 
10 11 13 15 17 24 27 31 34 37 22 25 28 31 35 13 15 17 19 21 22 25 28 31 35 0 0 0 0 0 
21 24 27 29 32 17 19 22 25 27 27 30 34 38 40 16 18 21 24 26 8 9 10 12 14 0 0 0 0 0 
12 13 15 16 20 11 12 14 16 17 0 0 0 0 0 27 30 34 37 42 24 27 31 35 38 10 11 13 15 16 
37 1793 3
12 13 15 17 19 17 19 22 25 26 21 24 27 29 34 14 16 18 20 21 19 21 24 26 30 0 0 0 0 0 
19 21 24 26 30 8 9 10 11 12 24 27 31 35 38 0 0 0 0 0 10 11 13 15 15 9 10 12 13 16 
21 24 27 29 34 11 12 14 16 17 8 9 11 13 13 25 28 32 36 39 0 0 0 0 0 21 24 27 30 32 
38 2290 6
9 10 12 13 15 11 12 14 15 17 22 25 28 31 35 15 17 19 20 23 23 26 29 31 34 0 0 0 0 0 
12 14 16 17 20 8 9 10 11 13 24 27 31 35 38 8 9 10 11 13 24 27 31 35 38 0 0 0 0 0 
13 15 17 18 20 19 21 24 26 28 22 25 28 31 34 0 0 0 0 0 14 16 18 19 21 12 13 15 16 19 
20 23 26 29 32 12 13 15 16 18 19 21 24 26 28 0 0 0 0 0 12 13 15 17 18 8 9 11 12 15 
22 25 28 30 34 22 25 28 30 33 16 18 20 22 26 0 0 0 0 0 12 14 16 18 19 12 14 16 17 21 
10 11 13 15 17 24 27 31 35 38 11 12 14 16 18 20 23 26 29 32 0 0 0 0 0 24 27 30 33 37 
39 2544 5
15 17 19 21 24 24 27 30 34 38 10 11 13 15 16 0 0 0 0 0 24 27 30 34 37 8 9 10 11 13 
0 0 0 0 0 27 30 34 37 42 18 20 23 25 29 23 26 29 32 36 24 27 31 35 37 20 23 26 28 32 
0 0 0 0 0 9 10 12 14 16 26 29 33 36 41 17 19 22 25 26 12 13 15 16 20 27 30 34 37 40 
26 29 33 36 39 26 29 33 36 39 0 0 0 0 0 15 17 19 20 22 19 21 24 26 28 9 10 12 14 14 
0 0 0 0 0 17 19 22 25 28 27 30 34 38 42 12 13 15 17 20 20 23 26 28 31 27 30 34 38 41 
0 1023 110 120 42 
1 1242 131 29 17 
2 1221 180 189 29 
3 1073 61 104 39 
4 1087 43 43 35 
5 1038 159 88 57 
17 50 8000 20000 0.52 0.78 30 5000 750 12500 0.43 0.49 900 10000 9746 5493 21 2.062
