40 9
0 2443 8
16 18 21 23 27 10 11 13 14 17 0 0 0 0 0 15 17 19 20 24 18 20 23 26 27 22 25 28 31 34 11 12 14 15 18 21 24 27 29 33 22 25 28 31 34 
18 20 23 26 28 21 24 27 29 34 27 30 34 38 42 8 9 11 13 15 24 27 31 35 38 11 12 14 16 17 0 0 0 0 0 20 23 26 28 32 18 20 23 25 29 
26 29 33 37 40 17 19 22 25 28 12 13 15 17 20 8 9 11 13 15 21 24 27 30 34 23 26 29 32 34 16 18 21 24 25 26 29 33 37 41 0 0 0 0 0 
21 24 27 30 34 20 22 25 27 30 12 13 15 16 19 9 10 12 13 16 13 15 17 19 22 21 24 27 29 34 0 0 0 0 0 16 18 21 23 27 13 15 17 18 20 
21 24 27 29 33 24 27 30 33 37 20 22 25 27 32 17 19 22 25 26 18 20 23 26 29 20 22 25 28 32 0 0 0 0 0 13 15 17 18 20 16 18 21 24 25 
24 27 31 34 39 17 19 22 24 27 26 29 33 36 39 0 0 0 0 0 18 20 23 26 27 18 20 23 26 27 26 29 33 36 39 15 17 19 21 23 16 18 21 23 27 
27 30 34 38 42 27 30 34 37 40 14 16 18 19 22 9 10 12 13 14 22 25 28 30 34 0 0 0 0 0 11 12 14 16 18 13 15 17 19 21 11 12 14 15 18 
0 0 0 0 0 26 29 33 37 40 17 19 22 24 26 22 25 28 31 34 24 27 30 34 37 25 28 32 35 39 27 30 34 37 41 26 29 33 36 40 16 18 21 24 25 
1 1584 5
0 0 0 0 0 26 29 33 37 39 18 20 23 25 29 10 11 13 14 15 9 10 12 14 14 20 23 26 28 33 20 22 25 27 32 12 13 15 17 19 16 18 21 23 27 
12 13 15 16 18 17 19 22 24 28 20 23 26 29 33 27 30 34 37 41 13 15 17 18 20 23 26 29 32 36 0 0 0 0 0 8 9 11 13 13 16 18 20 22 24 
8 9 11 12 14 23 26 29 32 34 16 18 20 23 25 12 14 16 18 19 27 30 34 38 42 20 23 26 29 31 0 0 0 0 0 10 11 13 14 15 24 27 30 33 36 
22 25 28 31 35 26 29 33 36 39 16 18 21 23 26 0 0 0 0 0 20 22 25 27 31 10 11 13 14 17 9 10 12 14 16 16 18 20 22 25 25 28 32 36 38 
26 29 33 37 40 16 18 20 23 24 14 16 18 20 21 13 15 17 19 22 20 22 25 28 32 8 9 10 11 13 17 19 22 24 27 0 0 0 0 0 15 17 19 20 24 
2 2487 8
14 16 18 19 21 15 17 19 21 24 24 27 30 33 36 17 19 22 24 27 21 24 27 29 32 18 20 23 25 28 20 22 25 28 32 0 0 0 0 0 22 25 28 30 33 
24 27 31 34 38 23 26 29 31 36 17 19 22 24 26 12 14 16 18 21 16 18 20 23 25 0 0 0 0 0 11 12 14 15 17 24 27 31 35 38 22 25 28 30 35 
16 18 21 23 27 17 19 22 25 26 0 0 0 0 0 10 11 13 15 17 21 24 27 30 34 12 13 15 17 18 12 13 15 16 18 24 27 31 35 39 9 10 12 14 14 
26 29 33 36 40 15 17 19 21 23 16 18 21 24 26 12 13 15 17 19 12 14 16 17 20 0 0 0 0 0 8 9 11 12 14 9 10 12 14 16 9 10 12 14 14 
20 23 26 28 32 22 25 28 30 33 18 20 23 26 29 11 12 14 16 17 8 9 10 12 14 0 0 0 0 0 12 13 15 17 19 27 30 34 38 40 18 20 23 26 29 
14 16 18 19 23 0 0 0 0 0 24 27 31 35 38 10 11 13 15 16 18 20 23 25 29 14 16 18 19 21 10 11 13 14 17 12 13 15 17 18 16 18 20 22 24 
0 0 0 0 0 24 27 31 35 38 9 10 12 14 14 10 11 13 14 15 9 10 12 14 15 10 11 13 14 15 8 9 11 13 15 12 13 15 17 18 26 29 33 36 39 
9 10 12 14 14 15 17 19 20 24 20 22 25 27 30 16 18 21 23 27 26 29 33 36 40 18 20 23 25 27 11 12 14 15 16 0 0 0 0 0 15 17 19 20 24 
3 1221 7
16 18 20 22 25 19 21 24 27 28 0 0 0 0 0 23 26 29 32 35 27 30 34 37 41 20 23 26 28 32 19 21 24 27 28 26 29 33 36 40 20 22 25 27 32 
20 22 25 28 31 25 28 32 35 38 21 24 27 30 34 9 10 12 14 14 18 20 23 25 28 24 27 30 33 38 25 28 32 35 40 17 19 22 25 26 0 0 0 0 0 
23 26 29 32 35 21 24 27 30 33 0 0 0 0 0 25 28 32 35 38 19 21 24 26 29 8 9 10 11 14 20 23 26 28 31 8 9 11 12 14 9 10 12 13 15 
15 17 19 21 23 20 22 25 27 32 14 16 18 19 23 25 28 32 36 39 18 20 23 25 28 16 18 21 23 26 12 14 16 18 19 19 21 24 27 30 0 0 0 0 0 
26 29 33 37 39 26 29 33 37 40 15 17 19 21 22 8 9 11 13 13 10 11 13 15 15 22 25 28 30 33 24 27 30 34 36 21 24 27 30 34 0 0 0 0 0 
16 18 21 23 25 26 29 33 37 40 23 26 29 31 35 0 0 0 0 0 16 18 20 23 25 20 22 25 27 32 26 29 33 36 40 17 19 22 25 26 18 20 23 26 29 
27 30 34 38 40 26 29 33 36 40 0 0 0 0 0 21 24 27 30 33 23 26 29 32 35 14 16 18 19 23 20 22 25 28 32 23 26 29 31 36 27 30 34 38 42 
4 1934 5
11 12 14 16 18 12 13 15 17 20 27 30 34 37 42 13 15 17 18 20 23 26 29 31 34 18 20 23 26 28 13 15 17 19 20 0 0 0 0 0 14 16 18 19 21 
8 9 11 13 13 12 14 16 18 20 12 13 15 16 20 19 21 24 27 28 0 0 0 0 0 24 27 31 34 39 13 15 17 19 20 22 25 28 31 35 27 30 34 38 40 
8 9 10 11 13 21 24 27 30 34 27 30 34 38 40 0 0 0 0 0 24 27 31 34 38 20 23 26 28 31 12 13 15 16 18 17 19 22 25 27 13 15 17 18 20 
25 28 32 35 39 9 10 12 13 14 22 25 28 30 35 25 28 32 35 38 26 29 33 36 41 15 17 19 20 22 15 17 19 21 24 0 0 0 0 0 19 21 24 27 29 
11 12 14 16 17 0 0 0 0 0 24 27 30 34 38 16 18 20 23 26 25 28 32 35 38 25 28 32 35 40 12 14 16 18 20 21 24 27 30 33 12 14 16 18 21 
5 1545 5
13 15 17 18 21 24 27 30 33 38 10 11 13 14 16 26 29 33 36 41 21 24 27 30 32 27 30 34 37 40 10 11 13 15 15 0 0 0 0 0 12 13 15 17 18 
12 13 15 16 19 22 25 28 31 34 12 13 15 16 18 23 26 29 32 34 8 9 10 12 14 20 22 25 28 31 0 0 0 0 0 20 23 26 28 32 12 13 15 16 20 
27 30 34 37 40 20 23 26 28 31 12 13 15 16 20 12 13 15 16 18 23 26 29 31 35 10 11 13 14 15 11 12 14 16 18 9 10 12 14 14 0 0 0 0 0 
8 9 10 11 14 17 19 22 24 27 25 28 32 36 38 10 11 13 15 15 10 11 13 14 15 12 13 15 16 19 0 0 0 0 0 22 25 28 31 35 27 30 34 37 41 
23 26 29 31 36 13 15 17 19 22 22 25 28 30 35 17 19 22 25 28 0 0 0 0 0 15 17 19 21 22 14 16 18 20 21 26 29 33 36 39 10 11 13 15 17 
6 2643 6
14 16 18 20 22 0 0 0 0 0 24 27 30 34 36 12 14 16 17 20 19 21 24 27 28 9 10 12 13 15 8 9 10 12 13 10 11 13 14 15 15 17 19 20 24 
15 17 19 21 22 25 28 32 36 39 24 27 31 35 37 9 10 12 14 16 17 19 22 24 27 27 30 34 37 41 0 0 0 0 0 16 18 20 23 26 24 27 30 33 37 
9 10 12 14 15 8 9 10 12 12 27 30 34 37 42 20 23 26 29 31 20 23 26 28 31 16 18 20 23 24 0 0 0 0 0 8 9 11 12 13 26 29 33 36 41 
12 13 15 16 20 23 26 29 32 34 20 23 26 28 32 23 26 29 32 35 20 23 26 29 32 26 29 33 36 40 22 25 28 30 33 16 18 20 22 24 0 0 0 0 0 
21 24 27 30 33 9 10 12 14 16 0 0 0 0 0 23 26 29 31 36 14 16 18 19 23 19 21 24 26 29 15 17 19 21 23 26 29 33 36 41 20 22 25 28 32 
20 23 26 29 33 26 29 33 37 40 19 21 24 27 28 25 28 32 36 38 15 17 19 21 22 21 24 27 30 34 16 18 20 23 26 0 0 0 0 0 26 29 33 36 39 
7 1198 7
21 24 27 29 32 10 11 13 14 15 18 20 23 25 28 13 15 17 18 20 16 18 21 23 25 16 18 20 23 24 24 27 31 34 38 10 11 13 14 17 0 0 0 0 0 
26 29 33 37 41 0 0 0 0 0 16 18 21 24 25 26 29 33 36 41 8 9 11 12 15 19 21 24 27 28 25 28 32 36 38 14 16 18 20 23 25 28 32 35 38 
16 18 21 23 27 12 14 16 18 21 10 11 13 15 17 9 10 12 14 16 16 18 20 22 24 12 13 15 17 19 13 15 17 18 22 0 0 0 0 0 19 21 24 27 30 
24 27 30 34 36 0 0 0 0 0 23 26 29 32 35 27 30 34 37 40 12 13 15 17 20 20 23 26 28 32 8 9 10 11 13 24 27 30 33 38 17 19 22 25 28 
16 18 20 23 25 21 24 27 29 32 0 0 0 0 0 13 15 17 19 20 12 14 16 18 19 26 29 33 37 41 15 17 19 20 23 20 23 26 28 33 18 20 23 26 28 
21 24 27 30 32 26 29 33 37 40 0 0 0 0 0 19 21 24 27 30 16 18 20 23 25 22 25 28 31 35 18 20 23 26 29 26 29 33 37 40 26 29 33 36 40 
17 19 22 25 27 0 0 0 0 0 24 27 31 35 38 13 15 17 19 20 18 20 23 25 27 9 10 12 14 15 26 29 33 37 41 11 12 14 16 18 20 23 26 29 32 
8 2537 5
8 9 10 12 14 14 16 18 19 23 19 21 24 26 29 26 29 33 36 41 13 15 17 18 20 10 11 13 15 15 19 21 24 27 29 0 0 0 0 0 21 24 27 29 33 
20 23 26 29 33 12 13 15 17 19 11 12 14 16 18 27 30 34 38 40 14 16 18 20 21 0 0 0 0 0 17 19 22 24 28 18 20 23 26 29 23 26 29 31 36 
21 24 27 29 34 19 21 24 27 29 16 18 20 22 25 0 0 0 0 0 15 17 19 20 22 15 17 19 21 23 16 18 21 23 25 23 26 29 32 35 11 12 14 16 16 
18 20 23 25 28 18 20 23 25 28 24 27 31 35 39 21 24 27 30 34 16 18 21 24 26 0 0 0 0 0 23 26 29 31 35 12 13 15 16 19 8 9 10 11 14 
25 28 32 36 39 10 11 13 14 16 8 9 10 12 14 11 12 14 15 16 8 9 11 13 13 13 15 17 18 20 26 29 33 36 40 0 0 0 0 0 27 30 34 38 41 
9 1687 5
8 9 10 11 13 12 14 16 18 19 16 18 20 23 26 8 9 10 11 12 0 0 0 0 0 9 10 12 14 14 16 18 20 22 25 23 26 29 32 34 15 17 19 21 23 
12 13 15 17 18 10 11 13 14 15 12 14 16 18 19 26 29 33 37 39 20 22 25 27 32 22 25 28 30 33 22 25 28 31 35 17 19 22 25 26 0 0 0 0 0 
23 26 29 31 34 27 30 34 38 42 13 15 17 18 20 19 21 24 26 29 0 0 0 0 0 24 27 31 34 37 25 28 32 36 40 16 18 20 22 25 18 20 23 26 28 
8 9 10 12 14 19 21 24 27 30 0 0 0 0 0 22 25 28 30 34 14 16 18 19 23 10 11 13 14 17 20 22 25 28 32 8 9 10 11 13 26 29 33 36 41 
8 9 10 12 12 19 21 24 27 30 9 10 12 13 16 16 18 20 23 25 20 23 26 28 32 25 28 32 35 40 20 22 25 27 30 0 0 0 0 0 9 10 12 14 15 
10 1294 5
25 28 32 35 40 13 15 17 18 22 25 28 32 35 39 16 18 20 22 26 12 14 16 18 19 17 19 22 25 27 20 23 26 28 32 20 22 25 28 31 0 0 0 0 0 
26 29 33 36 41 21 24 27 29 33 16 18 21 23 27 16 18 20 22 26 24 27 31 35 39 11 12 14 15 16 25 28 32 35 39 24 27 31 35 38 0 0 0 0 0 
24 27 31 35 38 11 12 14 16 17 25 28 32 35 38 19 21 24 26 30 20 22 25 28 30 8 9 10 12 12 0 0 0 0 0 20 22 25 27 32 24 27 31 34 38 
15 17 19 21 23 10 11 13 15 16 20 23 26 29 32 8 9 10 11 13 12 14 16 18 20 27 30 34 37 42 12 13 15 17 20 12 13 15 17 20 0 0 0 0 0 
16 18 21 23 25 12 14 16 17 19 9 10 12 13 16 16 18 20 23 24 0 0 0 0 0 23 26 29 31 34 12 14 16 18 21 12 13 15 17 18 22 25 28 31 35 
11 2714 8
12 14 16 17 20 20 22 25 28 32 19 21 24 27 28 12 13 15 17 18 0 0 0 0 0 21 24 27 30 33 15 17 19 21 23 16 18 21 23 27 19 21 24 27 28 
23 26 29 32 35 0 0 0 0 0 12 13 15 17 18 22 25 28 31 34 25 28 32 36 40 9 10 12 14 16 8 9 10 12 12 11 12 14 15 16 27 30 34 37 42 
8 9 10 11 12 25 28 32 36 38 22 25 28 31 34 26 29 33 36 39 0 0 0 0 0 12 14 16 18 21 20 22 25 28 32 10 11 13 14 16 13 15 17 19 21 
9 10 12 13 14 22 25 28 30 34 27 30 34 37 42 9 10 12 13 15 14 16 18 19 21 16 18 21 23 25 21 24 27 30 33 0 0 0 0 0 24 27 31 34 39 
15 17 19 21 24 12 13 15 16 19 0 0 0 0 0 9 10 12 13 14 18 20 23 25 29 16 18 21 24 27 12 14 16 17 21 19 21 24 26 28 16 18 20 23 24 
22 25 28 30 33 14 16 18 19 22 17 19 22 25 26 24 27 31 34 37 0 0 0 0 0 21 24 27 29 34 9 10 12 14 15 24 27 30 33 37 19 21 24 27 29 
22 25 28 31 33 27 30 34 38 40 11 12 14 16 18 14 16 18 20 21 22 25 28 31 34 0 0 0 0 0 15 17 19 20 23 18 20 23 25 27 8 9 10 12 12 
11 12 14 16 18 12 13 15 17 19 0 0 0 0 0 12 14 16 17 19 26 29 33 36 40 12 14 16 17 20 9 10 12 14 14 24 27 30 34 38 10 11 13 15 15 
12 1105 8
24 27 30 34 37 12 13 15 17 19 10 11 13 15 15 26 29 33 37 40 0 0 0 0 0 12 13 15 17 20 12 13 15 16 19 8 9 10 12 14 26 29 33 36 41 
0 0 0 0 0 25 28 32 36 40 16 18 21 23 25 24 27 31 35 39 26 29 33 37 40 9 10 12 14 16 8 9 10 12 14 24 27 30 34 38 22 25 28 30 35 
15 17 19 20 22 8 9 11 13 13 20 22 25 27 30 8 9 10 12 14 0 0 0 0 0 19 21 24 26 28 20 23 26 28 31 20 23 26 29 31 20 23 26 28 32 
27 30 34 37 40 26 29 33 36 40 0 0 0 0 0 16 18 20 22 24 24 27 31 34 37 15 17 19 20 22 24 27 31 34 38 12 13 15 16 19 22 25 28 30 34 
25 28 32 35 38 27 30 34 38 41 27 30 34 37 41 21 24 27 29 33 0 0 0 0 0 17 19 22 24 26 19 21 24 27 29 16 18 20 22 25 13 15 17 19 21 
19 21 24 26 29 10 11 13 14 15 19 21 24 26 29 16 18 20 23 26 27 30 34 38 40 27 30 34 37 42 8 9 10 11 14 23 26 29 32 36 0 0 0 0 0 
27 30 34 38 42 18 20 23 26 28 13 15 17 18 22 13 15 17 18 22 13 15 17 19 22 27 30 34 37 41 8 9 11 13 14 0 0 0 0 0 11 12 14 16 18 
21 24 27 30 34 27 30 34 37 41 20 23 26 29 33 0 0 0 0 0 15 17 19 21 22 12 14 16 18 20 18 20 23 26 27 9 10 12 14 16 25 28 32 36 39 
13 2352 7
20 23 26 28 31 21 24 27 29 34 20 23 26 29 32 27 30 34 37 41 0 0 0 0 0 11 12 14 16 17 23 26 29 32 35 12 13 15 17 19 12 13 15 16 18 
15 17 19 21 24 12 13 15 16 19 0 0 0 0 0 12 14 16 18 21 20 23 26 28 33 15 17 19 20 23 21 24 27 30 33 12 13 15 16 19 14 16 18 20 21 
20 22 25 27 31 17 19 22 25 26 14 16 18 19 23 12 13 15 17 18 14 16 18 19 22 8 9 10 12 14 12 14 16 18 21 0 0 0 0 0 12 14 16 17 21 
17 19 22 24 26 8 9 10 11 12 0 0 0 0 0 20 23 26 29 33 22 25 28 31 33 12 13 15 17 19 23 26 29 32 34 14 16 18 19 22 23 26 29 32 34 
11 12 14 15 17 22 25 28 31 33 9 10 12 14 15 25 28 32 35 38 0 0 0 0 0 24 27 30 34 36 12 14 16 17 19 20 22 25 28 32 25 28 32 35 39 
0 0 0 0 0 9 10 12 14 16 10 11 13 14 17 20 23 26 28 31 12 14 16 17 19 20 23 26 28 32 16 18 20 22 24 16 18 20 23 25 15 17 19 20 24 
16 18 21 23 27 27 30 34 38 42 17 19 22 24 27 14 16 18 20 22 24 27 31 35 38 10 11 13 14 15 0 0 0 0 0 10 11 13 14 16 16 18 20 22 24 
14 2903 6
24 27 31 35 39 22 25 28 30 33 25 28 32 36 40 19 21 24 26 28 17 19 22 25 28 14 16 18 20 23 15 17 19 21 23 8 9 10 11 14 0 0 0 0 0 
21 24 27 29 34 8 9 10 12 12 19 21 24 26 29 24 27 30 34 36 19 21 24 27 30 27 30 34 37 40 9 10 12 13 16 0 0 0 0 0 12 13 15 17 18 
12 13 15 16 18 0 0 0 0 0 25 28 32 36 39 24 27 31 34 39 14 16 18 19 22 22 25 28 31 35 8 9 11 12 15 11 12 14 16 17 12 13 15 16 18 
24 27 31 34 37 19 21 24 27 29 0 0 0 0 0 10 11 13 14 15 22 25 28 31 34 15 17 19 21 22 12 14 16 18 20 20 23 26 29 32 8 9 10 12 14 
12 14 16 17 19 24 27 31 35 38 9 10 12 13 16 16 18 20 22 26 8 9 10 12 14 24 27 31 35 37 22 25 28 30 35 0 0 0 0 0 19 21 24 27 28 
16 18 21 23 27 16 18 20 22 24 20 22 25 27 30 14 16 18 19 23 21 24 27 30 34 12 13 15 16 20 0 0 0 0 0 8 9 11 13 13 20 23 26 29 31 
15 1995 5
12 13 15 16 19 26 29 33 36 41 22 25 28 31 33 25 28 32 36 38 27 30 34 38 41 17 19 22 25 27 0 0 0 0 0 26 29 33 37 41 27 30 34 37 42 
15 17 19 20 24 14 16 18 20 21 12 14 16 17 20 23 26 29 32 34 10 11 13 14 17 0 0 0 0 0 20 22 25 27 32 12 14 16 18 20 8 9 10 12 13 
16 18 21 23 27 12 13 15 16 18 22 25 28 30 35 10 11 13 15 17 8 9 10 12 13 26 29 33 37 41 10 11 13 14 16 16 18 20 22 24 0 0 0 0 0 
22 25 28 30 33 20 23 26 28 33 0 0 0 0 0 8 9 10 11 13 21 24 27 30 34 20 23 26 28 31 20 22 25 28 30 16 18 20 22 24 17 19 22 24 27 
0 0 0 0 0 24 27 31 34 38 10 11 13 14 15 26 29 33 37 41 9 10 12 14 15 16 18 20 23 25 19 21 24 26 28 24 27 30 34 37 12 14 16 17 19 
16 1285 4
27 30 34 38 40 9 10 12 14 15 12 14 16 17 20 16 18 21 23 25 0 0 0 0 0 19 21 24 26 29 25 28 32 35 39 24 27 30 34 38 21 24 27 29 32 
12 13 15 16 20 16 18 21 24 25 9 10 12 13 16 24 27 30 33 37 15 17 19 21 24 15 17 19 21 24 22 25 28 31 35 24 27 30 33 37 0 0 0 0 0 
23 26 29 32 36 22 25 28 30 35 9 10 12 14 16 23 26 29 32 36 9 10 12 13 16 8 9 11 12 14 0 0 0 0 0 21 24 27 29 32 20 22 25 27 30 
23 26 29 32 35 12 14 16 18 21 0 0 0 0 0 19 21 24 26 28 20 23 26 29 32 25 28 32 36 40 22 25 28 30 35 23 26 29 32 34 20 23 26 28 31 
17 2870 6
16 18 21 24 26 11 12 14 15 18 17 19 22 25 28 24 27 31 34 38 10 11 13 14 15 22 25 28 30 35 20 22 25 28 30 0 0 0 0 0 16 18 21 24 26 
14 16 18 19 22 15 17 19 20 23 10 11 13 15 16 8 9 10 12 12 13 15 17 19 21 16 18 20 23 25 14 16 18 20 23 13 15 17 19 21 0 0 0 0 0 
18 20 23 26 29 22 25 28 30 34 0 0 0 0 0 24 27 31 34 37 13 15 17 19 22 16 18 20 22 26 16 18 21 23 26 27 30 34 37 42 12 13 15 16 20 
25 28 32 36 39 10 11 13 14 17 9 10 12 14 16 20 22 25 28 31 0 0 0 0 0 25 28 32 36 39 27 30 34 38 40 20 23 26 28 31 9 10 12 13 16 
20 23 26 29 31 14 16 18 19 22 23 26 29 32 36 21 24 27 29 34 13 15 17 19 21 22 25 28 31 35 0 0 0 0 0 11 12 14 15 17 8 9 10 11 14 
15 17 19 20 22 0 0 0 0 0 19 21 24 26 28 17 19 22 25 26 21 24 27 29 32 18 20 23 26 29 12 13 15 17 19 21 24 27 30 33 12 14 16 18 20 
18 1156 4
0 0 0 0 0 20 22 25 28 31 16 18 20 22 24 16 18 21 24 25 14 16 18 19 22 20 22 25 27 30 17 19 22 24 26 20 22 25 27 30 24 27 30 34 38 
10 11 13 15 15 16 18 21 23 26 24 27 30 34 38 13 15 17 18 21 0 0 0 0 0 20 22 25 28 30 16 18 21 23 26 24 27 31 35 37 23 26 29 32 36 
10 11 13 15 15 0 0 0 0 0 8 9 11 13 14 27 30 34 38 42 16 18 20 23 26 14 16 18 19 22 10 11 13 15 15 18 20 23 26 29 23 26 29 32 36 
12 13 15 17 20 27 30 34 38 41 16 18 21 23 25 18 20 23 25 28 27 30 34 38 40 22 25 28 30 34 12 14 16 17 20 18 20 23 25 28 0 0 0 0 0 
19 2932 7
24 27 30 34 37 14 16 18 20 21 20 22 25 28 32 20 22 25 28 30 17 19 22 25 26 12 14 16 18 19 0 0 0 0 0 8 9 10 11 13 18 20 23 25 28 
10 11 13 15 15 13 15 17 19 21 24 27 30 34 36 10 11 13 14 17 9 10 12 14 16 22 25 28 31 33 17 19 22 25 26 0 0 0 0 0 16 18 21 23 26 
18 20 23 26 27 18 20 23 25 28 22 25 28 31 33 22 25 28 30 33 8 9 10 11 13 22 25 28 31 33 0 0 0 0 0 20 22 25 28 30 15 17 19 20 23 
20 23 26 29 31 14 16 18 20 21 22 25 28 30 33 20 22 25 27 31 23 26 29 32 36 17 19 22 25 26 22 25 28 30 33 0 0 0 0 0 8 9 10 12 14 
0 0 0 0 0 9 10 12 13 15 16 18 21 23 25 12 14 16 17 20 19 21 24 27 29 13 15 17 19 22 8 9 11 12 14 14 16 18 19 21 22 25 28 30 35 
11 12 14 15 17 13 15 17 18 22 0 0 0 0 0 17 19 22 24 26 12 13 15 17 20 18 20 23 25 27 20 22 25 27 31 10 11 13 14 15 15 17 19 20 22 
15 17 19 21 22 14 16 18 19 22 24 27 31 35 39 19 21 24 26 29 0 0 0 0 0 11 12 14 16 16 8 9 11 13 14 10 11 13 14 15 15 17 19 20 23 
20 2638 5
8 9 11 13 13 23 26 29 31 34 19 21 24 27 30 20 22 25 28 30 0 0 0 0 0 9 10 12 13 14 23 26 29 31 35 8 9 10 12 13 8 9 10 12 12 
8 9 10 12 13 11 12 14 15 17 12 14 16 17 19 23 26 29 32 36 0 0 0 0 0 21 24 27 29 32 22 25 28 30 34 14 16 18 20 22 20 23 26 28 32 
24 27 31 35 37 24 27 30 34 38 14 16 18 20 23 27 30 34 38 41 17 19 22 24 26 15 17 19 20 22 0 0 0 0 0 12 14 16 17 20 16 18 20 22 26 
16 18 21 24 26 0 0 0 0 0 14 16 18 19 23 13 15 17 19 22 19 21 24 26 28 23 26 29 31 34 17 19 22 25 28 8 9 10 11 14 12 13 15 16 18 
17 19 22 25 26 8 9 10 12 14 23 26 29 31 34 12 13 15 16 19 27 30 34 37 40 16 18 21 24 26 0 0 0 0 0 23 26 29 31 35 20 23 26 28 31 
21 1289 5
24 27 31 34 39 8 9 11 13 14 22 25 28 30 34 0 0 0 0 0 14 16 18 19 21 16 18 21 23 27 12 13 15 16 18 18 20 23 26 27 16 18 20 22 26 
9 10 12 14 14 11 12 14 16 18 0 0 0 0 0 8 9 11 13 15 20 23 26 28 31 16 18 20 22 25 13 15 17 18 22 16 18 21 23 25 24 27 31 35 37 
27 30 34 38 40 16 18 21 23 27 9 10 12 14 15 22 25 28 31 33 25 28 32 36 40 0 0 0 0 0 25 28 32 36 39 15 17 19 21 22 8 9 10 12 14 
24 27 30 33 36 10 11 13 14 16 14 16 18 20 21 20 22 25 27 30 0 0 0 0 0 12 13 15 16 18 8 9 11 13 15 26 29 33 37 40 20 22 25 28 32 
14 16 18 20 23 17 19 22 25 26 15 17 19 21 24 8 9 11 12 13 24 27 30 34 36 17 19 22 25 26 20 22 25 28 31 0 0 0 0 0 14 16 18 19 23 
22 2275 6
24 27 31 35 38 16 18 21 23 27 21 24 27 30 32 0 0 0 0 0 16 18 21 24 27 12 14 16 17 21 22 25 28 31 34 12 13 15 16 19 16 18 20 23 25 
12 14 16 17 19 12 14 16 18 19 26 29 33 37 41 0 0 0 0 0 11 12 14 15 17 10 11 13 14 16 16 18 20 22 26 11 12 14 16 16 19 21 24 27 30 
22 25 28 30 35 15 17 19 20 24 20 23 26 28 32 26 29 33 37 39 0 0 0 0 0 21 24 27 30 33 18 20 23 26 28 12 14 16 18 20 11 12 14 15 18 
0 0 0 0 0 22 25 28 31 35 13 15 17 19 22 18 20 23 26 29 20 22 25 27 32 13 15 17 19 22 24 27 30 34 36 24 27 31 35 39 24 27 30 33 38 
14 16 18 20 21 23 26 29 32 36 0 0 0 0 0 12 13 15 17 19 20 23 26 28 32 23 26 29 31 36 20 22 25 27 32 16 18 20 23 24 26 29 33 37 39 
0 0 0 0 0 24 27 30 34 37 14 16 18 20 23 25 28 32 36 38 11 12 14 15 18 12 14 16 18 21 13 15 17 19 22 11 12 14 16 18 13 15 17 19 21 
23 2887 5
9 10 12 14 16 15 17 19 21 24 0 0 0 0 0 16 18 21 24 27 23 26 29 32 36 8 9 10 11 12 17 19 22 24 26 12 14 16 17 21 16 18 21 23 27 
18 20 23 25 28 0 0 0 0 0 9 10 12 13 14 24 27 31 34 37 8 9 10 11 12 17 19 22 24 26 13 15 17 18 21 11 12 14 16 16 22 25 28 30 34 
16 18 20 23 25 23 26 29 32 35 0 0 0 0 0 16 18 20 23 25 13 15 17 19 20 8 9 10 12 12 8 9 10 12 12 18 20 23 26 29 16 18 20 23 24 
24 27 31 34 39 18 20 23 26 29 26 29 33 37 39 10 11 13 14 16 8 9 10 12 14 21 24 27 30 33 24 27 31 34 37 22 25 28 30 34 0 0 0 0 0 
0 0 0 0 0 12 13 15 16 18 13 15 17 18 20 18 20 23 25 29 20 22 25 28 32 9 10 12 14 15 8 9 10 11 12 15 17 19 21 22 18 20 23 26 28 
24 2396 6
12 13 15 16 19 10 11 13 14 17 0 0 0 0 0 15 17 19 21 22 23 26 29 32 34 15 17 19 21 23 11 12 14 16 18 17 19 22 24 28 24 27 30 33 37 
25 28 32 36 38 0 0 0 0 0 8 9 11 12 13 14 16 18 19 22 20 23 26 29 31 25 28 32 36 40 15 17 19 20 22 10 11 13 14 17 26 29 33 36 41 
24 27 31 34 38 20 22 25 28 30 18 20 23 25 27 0 0 0 0 0 21 24 27 30 33 20 23 26 28 32 10 11 13 14 17 16 18 21 24 25 27 30 34 37 42 
10 11 13 14 17 0 0 0 0 0 26 29 33 37 39 27 30 34 37 42 16 18 21 24 27 16 18 20 22 25 11 12 14 16 17 14 16 18 19 23 24 27 31 35 38 
14 16 18 20 22 9 10 12 14 14 19 21 24 27 29 16 18 20 23 25 25 28 32 35 38 27 30 34 37 41 26 29 33 37 41 0 0 0 0 0 14 16 18 19 22 
24 27 31 35 37 10 11 13 15 17 12 14 16 17 20 25 28 32 35 40 8 9 10 12 13 8 9 10 12 12 0 0 0 0 0 14 16 18 19 22 25 28 32 35 39 
25 1576 6
16 18 20 23 25 0 0 0 0 0 19 21 24 26 28 16 18 21 23 26 19 21 24 27 30 20 23 26 29 32 16 18 20 23 25 16 18 21 24 27 24 27 31 34 37 
0 0 0 0 0 10 11 13 15 16 16 18 20 23 25 26 29 33 37 41 16 18 20 23 25 23 26 29 32 36 17 19 22 25 27 26 29 33 37 39 11 12 14 16 17 
8 9 11 12 15 19 21 24 26 29 22 25 28 31 33 0 0 0 0 0 17 19 22 24 27 20 22 25 27 31 10 11 13 15 17 11 12 14 16 18 12 14 16 18 19 
0 0 0 0 0 21 24 27 30 33 20 22 25 28 31 10 11 13 15 17 20 22 25 28 31 26 29 33 37 39 22 25 28 30 34 12 13 15 16 19 22 25 28 31 35 
10 11 13 15 16 20 23 26 29 33 16 18 20 23 24 14 16 18 20 22 23 26 29 32 36 11 12 14 15 17 16 18 20 22 26 9 10 12 13 16 0 0 0 0 0 
24 27 31 34 38 19 21 24 26 30 9 10 12 14 14 12 13 15 17 18 0 0 0 0 0 21 24 27 30 32 10 11 13 15 16 11 12 14 15 17 23 26 29 32 35 
26 1473 7
13 15 17 19 22 26 29 33 36 39 23 26 29 32 35 0 0 0 0 0 16 18 21 24 27 12 13 15 17 18 11 12 14 16 17 20 23 26 29 31 14 16 18 19 23 
15 17 19 20 23 24 27 31 34 39 15 17 19 21 22 14 16 18 20 23 8 9 10 12 14 20 22 25 27 31 0 0 0 0 0 9 10 12 14 16 25 28 32 35 40 
24 27 31 34 38 16 18 21 23 25 24 27 31 34 39 16 18 21 23 27 17 19 22 25 26 9 10 12 14 15 10 11 13 15 16 0 0 0 0 0 22 25 28 31 35 
10 11 13 14 16 24 27 31 34 39 24 27 30 33 37 19 21 24 26 30 20 22 25 27 30 8 9 11 13 13 0 0 0 0 0 20 22 25 27 31 21 24 27 30 34 
15 17 19 20 24 0 0 0 0 0 16 18 20 23 24 19 21 24 27 28 18 20 23 25 27 18 20 23 25 29 17 19 22 24 28 26 29 33 37 40 19 21 24 27 29 
16 18 21 24 26 0 0 0 0 0 25 28 32 36 40 20 22 25 27 31 16 18 21 23 27 26 29 33 36 40 27 30 34 38 40 10 11 13 15 15 17 19 22 25 26 
0 0 0 0 0 8 9 10 12 14 20 23 26 28 33 16 18 21 23 26 20 22 25 27 31 19 21 24 26 30 26 29 33 37 41 19 21 24 27 28 22 25 28 31 33 
27 1801 4
10 11 13 14 17 26 29 33 37 41 9 10 12 14 15 22 25 28 31 35 0 0 0 0 0 16 18 21 23 25 21 24 27 29 34 22 25 28 31 33 8 9 10 11 14 
13 15 17 19 20 18 20 23 26 28 27 30 34 37 41 14 16 18 19 23 16 18 20 22 26 12 14 16 17 19 22 25 28 31 35 0 0 0 0 0 18 20 23 25 27 
0 0 0 0 0 20 22 25 28 32 20 22 25 28 30 18 20 23 26 29 24 27 30 34 37 24 27 31 34 38 16 18 21 24 25 23 26 29 32 34 27 30 34 37 41 
24 27 31 34 38 11 12 14 15 18 25 28 32 36 38 0 0 0 0 0 15 17 19 21 24 22 25 28 31 34 24 27 30 33 38 16 18 20 22 24 27 30 34 38 42 
28 1086 7
14 16 18 20 23 26 29 33 36 39 17 19 22 25 26 21 24 27 29 32 10 11 13 14 17 16 18 21 24 27 23 26 29 31 34 0 0 0 0 0 20 22 25 27 30 
0 0 0 0 0 25 28 32 35 39 14 16 18 20 23 13 15 17 19 21 18 20 23 25 27 8 9 10 12 12 9 10 12 13 16 22 25 28 30 34 20 23 26 29 33 
16 18 20 22 24 24 27 31 35 39 13 15 17 18 20 0 0 0 0 0 11 12 14 15 18 27 30 34 38 40 19 21 24 27 29 23 26 29 31 35 22 25 28 30 33 
8 9 10 12 13 24 27 31 34 38 10 11 13 15 17 0 0 0 0 0 23 26 29 31 35 14 16 18 20 23 8 9 11 13 14 13 15 17 18 22 16 18 21 23 25 
19 21 24 26 29 16 18 20 22 24 24 27 31 34 38 23 26 29 31 36 27 30 34 38 40 11 12 14 16 17 0 0 0 0 0 17 19 22 24 27 15 17 19 21 23 
24 27 30 33 37 19 21 24 27 29 27 30 34 38 41 15 17 19 21 23 24 27 30 34 36 0 0 0 0 0 20 22 25 27 30 14 16 18 20 22 25 28 32 36 38 
9 10 12 14 16 21 24 27 30 34 0 0 0 0 0 18 20 23 25 29 21 24 27 30 34 16 18 21 23 27 15 17 19 20 24 16 18 21 24 26 12 14 16 17 19 
29 1920 4
19 21 24 26 29 24 27 31 35 38 11 12 14 15 18 12 14 16 18 20 12 14 16 17 19 0 0 0 0 0 8 9 11 13 13 27 30 34 37 41 18 20 23 25 27 
23 26 29 31 36 8 9 10 11 13 12 13 15 17 20 15 17 19 20 23 0 0 0 0 0 26 29 33 37 41 14 16 18 19 21 11 12 14 16 17 12 14 16 17 21 
16 18 21 24 26 25 28 32 36 39 24 27 30 34 38 0 0 0 0 0 8 9 11 12 15 17 19 22 25 28 20 22 25 28 30 22 25 28 30 35 16 18 20 22 25 
23 26 29 32 35 21 24 27 29 34 22 25 28 31 33 11 12 14 16 18 20 22 25 27 32 19 21 24 26 29 14 16 18 20 22 13 15 17 19 22 0 0 0 0 0 
30 2876 4
0 0 0 0 0 27 30 34 38 42 26 29 33 36 40 11 12 14 15 16 22 25 28 31 34 22 25 28 30 33 8 9 11 12 15 19 21 24 27 30 16 18 20 23 26 
22 25 28 31 34 23 26 29 32 34 24 27 31 35 37 0 0 0 0 0 25 28 32 36 39 12 13 15 17 19 9 10 12 13 14 9 10 12 13 14 8 9 10 12 12 
12 14 16 17 21 0 0 0 0 0 8 9 11 13 15 24 27 30 34 38 27 30 34 37 42 10 11 13 14 16 19 21 24 27 29 9 10 12 14 16 11 12 14 15 17 
14 16 18 19 22 9 10 12 14 15 17 19 22 25 27 22 25 28 30 33 21 24 27 29 34 24 27 30 34 38 0 0 0 0 0 21 24 27 29 33 16 18 21 23 27 
31 2689 4
12 13 15 17 20 16 18 20 22 25 22 25 28 31 35 16 18 20 23 26 0 0 0 0 0 16 18 20 23 24 14 16 18 20 23 9 10 12 14 14 25 28 32 36 38 
27 30 34 38 41 0 0 0 0 0 23 26 29 32 36 12 13 15 17 18 25 28 32 35 40 25 28 32 36 38 8 9 11 13 14 27 30 34 37 41 23 26 29 31 35 
0 0 0 0 0 16 18 20 23 25 17 19 22 25 26 25 28 32 35 38 21 24 27 30 32 13 15 17 19 20 8 9 11 12 13 26 29 33 37 41 20 22 25 27 32 
22 25 28 31 35 8 9 10 11 14 0 0 0 0 0 18 20 23 25 28 13 15 17 18 22 24 27 31 35 38 26 29 33 36 41 26 29 33 36 39 12 13 15 16 19 
32 2575 6
26 29 33 36 40 24 27 31 35 39 18 20 23 26 27 10 11 13 15 15 0 0 0 0 0 9 10 12 14 14 20 23 26 28 33 8 9 10 11 14 14 16 18 19 22 
26 29 33 36 39 12 14 16 18 19 18 20 23 25 28 12 14 16 18 20 12 13 15 16 19 0 0 0 0 0 12 14 16 17 21 13 15 17 19 22 24 27 30 34 36 
23 26 29 32 34 20 22 25 28 30 21 24 27 29 33 26 29 33 37 39 0 0 0 0 0 20 22 25 28 32 16 18 20 23 26 27 30 34 38 42 24 27 30 34 37 
23 26 29 31 36 18 20 23 25 29 22 25 28 31 35 12 14 16 18 19 22 25 28 30 33 9 10 12 13 14 9 10 12 14 15 0 0 0 0 0 17 19 22 24 28 
0 0 0 0 0 12 14 16 17 19 9 10 12 13 14 11 12 14 16 17 11 12 14 16 16 19 21 24 26 29 15 17 19 21 24 12 14 16 17 20 9 10 12 13 15 
8 9 10 11 13 26 29 33 36 41 17 19 22 24 26 0 0 0 0 0 22 25 28 30 33 22 25 28 30 35 25 28 32 35 38 25 28 32 36 40 18 20 23 26 29 
33 1419 5
9 10 12 13 14 14 16 18 19 21 24 27 31 34 37 0 0 0 0 0 21 24 27 30 33 12 13 15 16 20 10 11 13 15 16 12 13 15 17 19 19 21 24 26 29 
20 23 26 28 32 12 14 16 17 20 0 0 0 0 0 23 26 29 32 35 12 14 16 17 19 12 13 15 16 20 11 12 14 15 17 14 16 18 20 21 18 20 23 25 28 
26 29 33 37 41 0 0 0 0 0 14 16 18 19 23 13 15 17 19 22 8 9 10 11 12 24 27 30 33 38 18 20 23 26 27 23 26 29 32 36 27 30 34 38 41 
27 30 34 38 42 9 10 12 14 16 25 28 32 36 39 18 20 23 26 28 25 28 32 36 39 8 9 11 12 13 0 0 0 0 0 16 18 21 24 27 10 11 13 15 17 
9 10 12 13 16 15 17 19 21 24 16 18 20 23 25 9 10 12 14 14 11 12 14 16 17 16 18 20 22 24 12 14 16 18 20 0 0 0 0 0 8 9 11 13 15 
34 1423 5
24 27 30 33 38 8 9 11 13 13 17 19 22 24 27 20 22 25 28 31 12 13 15 16 18 0 0 0 0 0 9 10 12 14 15 8 9 10 12 14 14 16 18 19 22 
0 0 0 0 0 10 11 13 14 15 19 21 24 26 28 12 13 15 16 19 14 16 18 20 22 13 15 17 18 22 17 19 22 25 27 20 23 26 28 32 8 9 11 12 13 
0 0 0 0 0 8 9 11 13 14 10 11 13 15 17 8 9 11 13 13 22 25 28 30 34 8 9 10 11 13 24 27 31 35 38 25 28 32 35 40 22 25 28 30 35 
12 13 15 16 20 0 0 0 0 0 19 21 24 27 28 20 22 25 27 31 27 30 34 37 41 24 27 31 35 37 20 22 25 27 32 27 30 34 38 40 26 29 33 37 39 
13 15 17 18 20 0 0 0 0 0 12 14 16 18 19 14 16 18 19 22 23 26 29 32 35 16 18 21 23 25 24 27 31 35 39 26 29 33 36 40 27 30 34 38 40 
35 2657 4
16 18 20 23 24 16 18 20 23 24 17 19 22 25 26 15 17 19 20 23 13 15 17 18 20 0 0 0 0 0 23 26 29 31 35 10 11 13 15 17 20 22 25 28 30 
25 28 32 35 40 12 13 15 16 20 20 22 25 27 32 21 24 27 29 32 20 22 25 27 30 26 29 33 36 40 16 18 21 24 27 0 0 0 0 0 20 23 26 29 33 
12 14 16 17 21 8 9 11 12 13 12 13 15 16 20 15 17 19 20 22 23 26 29 31 34 11 12 14 16 16 26 29 33 36 41 18 20 23 26 27 0 0 0 0 0 
13 15 17 19 22 20 22 25 28 31 16 18 20 22 25 17 19 22 25 26 15 17 19 20 22 8 9 11 12 14 0 0 0 0 0 24 27 31 34 37 9 10 12 14 15 
36 2471 5
12 13 15 16 18 0 0 0 0 0 9 10 12 13 15 26 29 33 37 39 17 19 22 25 27 18 20 23 25 27 24 27 30 34 36 11 12 14 15 17 20 23 26 29 31 
18 20 23 26 29 0 0 0 0 0 19 21 24 26 29 26 29 33 37 39 20 23 26 28 31 16 18 20 23 24 20 23 26 29 32 12 13 15 16 18 20 22 25 27 32 
13 15 17 18 20 20 23 26 29 32 9 10 12 13 14 8 9 10 11 13 0 0 0 0 0 22 25 28 31 33 12 14 16 17 19 21 24 27 30 34 22 25 28 31 35 
24 27 31 35 37 24 27 31 35 38 12 13 15 16 18 18 20 23 26 29 8 9 10 11 12 0 0 0 0 0 21 24 27 29 33 15 17 19 20 22 16 18 20 23 25 
17 19 22 25 26 9 10 12 14 15 23 26 29 32 34 12 14 16 18 21 16 18 21 23 27 15 17 19 20 24 20 23 26 28 32 16 18 21 23 27 0 0 0 0 0 
37 1146 7
21 24 27 30 34 15 17 19 20 23 13 15 17 18 20 8 9 11 12 13 20 23 26 28 33 19 21 24 27 29 14 16 18 20 23 0 0 0 0 0 17 19 22 25 27 
16 18 21 24 26 24 27 30 34 36 0 0 0 0 0 15 17 19 20 22 19 21 24 27 28 16 18 21 24 25 16 18 20 22 26 12 13 15 16 18 20 23 26 29 33 
19 21 24 27 29 25 28 32 35 38 15 17 19 21 24 26 29 33 37 39 16 18 21 23 27 14 16 18 19 21 12 14 16 18 21 8 9 10 12 13 0 0 0 0 0 
20 23 26 29 31 24 27 31 34 37 13 15 17 19 20 14 16 18 20 21 13 15 17 19 22 20 23 26 29 31 8 9 11 13 13 16 18 21 24 27 0 0 0 0 0 
20 22 25 28 32 8 9 11 13 15 11 12 14 15 17 16 18 20 22 25 20 23 26 28 31 11 12 14 15 16 0 0 0 0 0 9 10 12 14 15 14 16 18 20 23 
20 22 25 27 32 15 17 19 21 22 23 26 29 32 34 10 11 13 15 15 9 10 12 14 16 10 11 13 15 15 0 0 0 0 0 20 23 26 28 31 12 13 15 17 20 
21 24 27 29 33 16 18 20 23 25 21 24 27 29 33 11 12 14 16 16 20 23 26 29 31 8 9 10 11 14 15 17 19 20 23 16 18 20 22 24 0 0 0 0 0 
38 2178 4
26 29 33 37 41 11 12 14 15 16 25 28 32 36 40 25 28 32 35 39 21 24 27 30 32 0 0 0 0 0 24 27 30 34 37 8 9 11 12 13 16 18 21 23 26 
8 9 10 11 14 12 13 15 17 18 26 29 33 37 41 20 22 25 27 30 10 11 13 15 15 12 14 16 17 20 19 21 24 26 30 24 27 31 34 38 0 0 0 0 0 
14 16 18 20 21 20 22 25 28 31 12 14 16 18 20 0 0 0 0 0 25 28 32 35 38 9 10 12 14 15 16 18 20 23 24 8 9 10 11 12 27 30 34 37 40 
0 0 0 0 0 19 21 24 26 28 23 26 29 31 35 25 28 32 35 38 25 28 32 35 38 21 24 27 30 34 13 15 17 19 22 18 20 23 25 29 21 24 27 29 34 
39 2355 6
16 18 20 23 26 12 14 16 17 20 17 19 22 25 27 21 24 27 30 32 24 27 30 34 36 14 16 18 20 22 0 0 0 0 0 23 26 29 32 36 8 9 11 12 15 
16 18 20 22 25 12 13 15 17 18 17 19 22 24 28 19 21 24 27 29 24 27 30 33 38 0 0 0 0 0 27 30 34 37 42 10 11 13 15 17 12 13 15 17 18 
24 27 31 34 37 17 19 22 25 27 18 20 23 25 28 26 29 33 37 39 20 23 26 29 32 13 15 17 18 20 0 0 0 0 0 27 30 34 38 40 21 24 27 29 34 
14 16 18 20 21 22 25 28 30 33 16 18 20 22 24 23 26 29 31 35 0 0 0 0 0 8 9 10 12 13 13 15 17 18 20 27 30 34 38 41 13 15 17 19 21 
12 13 15 16 18 24 27 30 33 36 22 25 28 30 33 17 19 22 24 27 8 9 10 11 14 27 30 34 38 42 0 0 0 0 0 20 23 26 28 32 18 20 23 26 28 
15 17 19 20 22 13 15 17 18 21 0 0 0 0 0 12 14 16 18 20 19 21 24 27 29 14 16 18 19 22 16 18 20 22 25 20 23 26 29 33 13 15 17 18 22 
0 1232 216 83 41 
1 1008 94 213 97 
2 1145 92 205 48 
3 1081 34 24 47 
4 1175 35 102 15 
5 1129 120 166 58 
6 1309 73 218 93 
7 1322 158 27 84 
8 1250 115 40 107 
17 50 8000 20000 0.52 0.78 30 5000 750 12500 0.43 0.49 900 10000 9746 5493 21 2.062
