30 8
0 1959 7
8 9 11 12 13 16 18 20 23 25 24 27 31 35 38 20 23 26 29 32 26 29 33 36 40 0 0 0 0 0 16 18 21 24 26 16 18 21 23 26 
15 17 19 21 23 21 24 27 29 32 8 9 11 12 13 0 0 0 0 0 13 15 17 19 21 19 21 24 27 29 26 29 33 37 41 25 28 32 36 39 
0 0 0 0 0 8 9 10 12 13 13 15 17 18 22 26 29 33 37 39 8 9 11 12 15 27 30 34 38 40 19 21 24 26 29 20 23 26 28 32 
16 18 21 24 25 0 0 0 0 0 17 19 22 25 27 20 22 25 27 30 17 19 22 24 28 16 18 21 24 27 16 18 21 24 25 25 28 32 35 38 
19 21 24 26 29 8 9 10 12 13 0 0 0 0 0 17 19 22 25 26 9 10 12 14 16 20 23 26 29 31 23 26 29 31 35 16 18 20 23 25 
0 0 0 0 0 11 12 14 15 16 16 18 21 23 26 27 30 34 38 40 8 9 10 11 12 24 27 30 33 38 24 27 30 34 38 19 21 24 27 30 
16 18 21 24 26 24 27 31 34 37 10 11 13 14 15 0 0 0 0 0 21 24 27 30 32 21 24 27 30 32 20 22 25 27 31 24 27 31 35 37 
1 2359 4
23 26 29 31 35 24 27 31 34 38 19 21 24 26 29 8 9 11 12 14 0 0 0 0 0 8 9 10 12 14 12 13 15 16 19 26 29 33 36 40 
19 21 24 26 30 24 27 31 35 38 0 0 0 0 0 12 14 16 17 20 26 29 33 37 39 22 25 28 30 35 9 10 12 14 16 18 20 23 26 28 
0 0 0 0 0 16 18 21 24 27 18 20 23 25 29 27 30 34 37 42 17 19 22 25 26 14 16 18 19 22 23 26 29 32 35 9 10 12 14 15 
20 23 26 28 33 16 18 20 22 25 0 0 0 0 0 26 29 33 36 41 17 19 22 24 27 25 28 32 36 40 8 9 11 12 13 12 14 16 17 21 
2 1553 7
27 30 34 38 42 25 28 32 35 40 20 23 26 28 32 26 29 33 37 39 21 24 27 30 32 18 20 23 26 28 16 18 20 23 24 0 0 0 0 0 
13 15 17 18 20 14 16 18 19 21 15 17 19 20 22 22 25 28 31 34 24 27 31 34 39 0 0 0 0 0 21 24 27 29 33 15 17 19 20 23 
10 11 13 15 16 27 30 34 37 41 17 19 22 25 28 18 20 23 26 29 0 0 0 0 0 24 27 31 35 38 18 20 23 25 27 18 20 23 26 29 
13 15 17 18 20 15 17 19 21 24 25 28 32 36 38 10 11 13 14 15 8 9 10 11 14 19 21 24 26 28 26 29 33 37 40 0 0 0 0 0 
18 20 23 26 28 9 10 12 14 16 23 26 29 32 35 25 28 32 35 39 10 11 13 14 17 12 13 15 16 19 0 0 0 0 0 8 9 11 12 13 
26 29 33 36 40 8 9 11 12 15 14 16 18 19 23 20 22 25 28 31 23 26 29 32 34 0 0 0 0 0 20 22 25 28 32 17 19 22 24 28 
26 29 33 36 41 9 10 12 14 14 12 13 15 16 18 22 25 28 30 34 16 18 21 24 26 14 16 18 19 22 12 14 16 17 21 0 0 0 0 0 
3 2271 6
8 9 10 12 14 24 27 31 35 39 8 9 10 11 13 8 9 10 12 13 19 21 24 27 29 25 28 32 35 38 16 18 20 22 24 0 0 0 0 0 
22 25 28 31 33 10 11 13 15 16 10 11 13 14 15 20 22 25 28 31 26 29 33 36 40 26 29 33 37 41 0 0 0 0 0 9 10 12 14 15 
20 22 25 27 32 10 11 13 15 16 20 23 26 28 32 0 0 0 0 0 19 21 24 26 30 23 26 29 31 34 20 23 26 29 33 12 13 15 17 19 
16 18 20 23 26 17 19 22 25 28 9 10 12 13 16 19 21 24 27 30 16 18 21 24 27 10 11 13 14 15 12 14 16 18 20 0 0 0 0 0 
22 25 28 30 34 16 18 20 22 24 12 14 16 17 21 23 26 29 32 34 27 30 34 37 41 0 0 0 0 0 25 28 32 36 38 25 28 32 36 38 
27 30 34 38 40 21 24 27 30 33 0 0 0 0 0 21 24 27 30 33 10 11 13 14 15 14 16 18 20 22 24 27 31 35 39 26 29 33 37 39 
4 1294 7
0 0 0 0 0 21 24 27 30 33 22 25 28 30 34 8 9 10 11 12 24 27 30 33 37 14 16 18 20 23 18 20 23 25 28 19 21 24 26 30 
21 24 27 30 33 9 10 12 13 14 20 22 25 27 30 13 15 17 18 22 20 23 26 28 31 20 22 25 27 31 16 18 20 23 24 0 0 0 0 0 
11 12 14 15 17 10 11 13 14 16 17 19 22 24 26 18 20 23 26 29 16 18 21 24 26 24 27 31 35 37 0 0 0 0 0 21 24 27 30 33 
15 17 19 21 24 0 0 0 0 0 17 19 22 24 27 12 13 15 17 20 27 30 34 38 42 9 10 12 14 14 11 12 14 16 18 8 9 10 12 14 
20 22 25 27 30 0 0 0 0 0 16 18 20 23 24 16 18 21 23 27 16 18 21 23 27 19 21 24 27 30 8 9 11 13 13 8 9 10 12 12 
10 11 13 14 15 27 30 34 37 40 0 0 0 0 0 22 25 28 30 35 23 26 29 32 34 8 9 10 12 14 20 22 25 28 32 22 25 28 31 34 
21 24 27 30 34 24 27 30 33 38 18 20 23 25 29 0 0 0 0 0 24 27 30 34 37 14 16 18 19 22 17 19 22 24 28 20 22 25 27 30 
5 1397 5
0 0 0 0 0 20 22 25 27 30 13 15 17 19 20 12 13 15 17 20 19 21 24 27 30 16 18 21 23 25 27 30 34 37 40 24 27 31 34 38 
11 12 14 16 16 8 9 11 13 14 8 9 10 12 14 0 0 0 0 0 21 24 27 30 33 8 9 10 11 14 26 29 33 37 39 17 19 22 24 26 
19 21 24 26 29 15 17 19 20 22 17 19 22 25 27 13 15 17 18 22 0 0 0 0 0 9 10 12 13 16 10 11 13 14 15 15 17 19 20 22 
0 0 0 0 0 25 28 32 35 40 17 19 22 24 27 24 27 30 33 36 13 15 17 18 21 16 18 21 24 25 19 21 24 26 30 21 24 27 30 33 
23 26 29 32 35 9 10 12 14 16 20 23 26 28 31 16 18 21 23 26 17 19 22 24 27 0 0 0 0 0 9 10 12 14 14 25 28 32 35 40 
6 1555 5
14 16 18 19 22 0 0 0 0 0 24 27 30 33 37 23 26 29 32 36 11 12 14 15 17 22 25 28 30 34 8 9 11 13 15 16 18 21 23 26 
24 27 31 34 37 20 23 26 28 32 11 12 14 16 18 23 26 29 31 35 27 30 34 37 42 0 0 0 0 0 22 25 28 31 33 14 16 18 20 23 
0 0 0 0 0 22 25 28 30 33 25 28 32 36 39 15 17 19 20 22 14 16 18 20 23 24 27 30 33 37 15 17 19 21 22 8 9 10 11 12 
8 9 11 12 13 16 18 20 23 24 0 0 0 0 0 24 27 31 34 39 24 27 31 34 37 10 11 13 15 17 11 12 14 16 18 21 24 27 30 34 
16 18 20 22 25 0 0 0 0 0 23 26 29 31 36 20 22 25 27 30 20 23 26 29 32 16 18 21 23 27 25 28 32 35 38 23 26 29 31 35 
7 1595 6
10 11 13 15 15 26 29 33 36 41 24 27 30 33 38 11 12 14 16 17 11 12 14 15 18 0 0 0 0 0 13 15 17 19 20 24 27 30 34 36 
16 18 21 24 25 16 18 20 22 24 17 19 22 24 28 0 0 0 0 0 14 16 18 19 22 21 24 27 29 33 22 25 28 31 33 15 17 19 21 24 
21 24 27 30 33 10 11 13 14 16 13 15 17 18 22 0 0 0 0 0 12 14 16 17 19 27 30 34 38 41 23 26 29 32 36 20 22 25 27 30 
20 23 26 28 31 11 12 14 16 18 24 27 31 35 39 0 0 0 0 0 16 18 21 24 25 21 24 27 29 32 24 27 31 35 38 24 27 30 33 38 
16 18 21 24 25 25 28 32 36 38 14 16 18 20 23 16 18 21 24 26 24 27 30 33 38 18 20 23 25 28 16 18 21 24 26 0 0 0 0 0 
0 0 0 0 0 20 23 26 28 32 13 15 17 18 21 15 17 19 20 23 24 27 31 35 39 16 18 20 22 24 12 14 16 17 19 12 13 15 16 19 
8 1835 5
0 0 0 0 0 17 19 22 24 28 17 19 22 25 27 12 13 15 17 19 19 21 24 27 29 24 27 30 33 36 10 11 13 14 15 13 15 17 18 22 
24 27 31 35 37 20 22 25 28 31 15 17 19 20 24 26 29 33 37 40 26 29 33 36 41 0 0 0 0 0 16 18 20 23 26 23 26 29 32 34 
21 24 27 30 34 14 16 18 20 22 22 25 28 31 34 22 25 28 31 35 16 18 20 22 26 12 14 16 18 20 0 0 0 0 0 16 18 20 22 24 
8 9 11 12 14 8 9 11 13 14 8 9 11 13 13 24 27 31 35 38 19 21 24 26 30 0 0 0 0 0 14 16 18 20 23 20 22 25 28 31 
10 11 13 14 15 20 23 26 29 33 13 15 17 18 21 10 11 13 15 17 27 30 34 38 40 24 27 30 33 36 0 0 0 0 0 25 28 32 35 39 
9 2973 6
24 27 30 33 36 22 25 28 31 33 24 27 30 33 37 20 22 25 27 31 17 19 22 25 28 15 17 19 20 22 0 0 0 0 0 12 14 16 18 19 
15 17 19 20 24 15 17 19 20 24 20 22 25 27 30 13 15 17 18 20 14 16 18 20 23 17 19 22 25 28 26 29 33 36 39 0 0 0 0 0 
13 15 17 18 22 20 22 25 27 32 8 9 11 12 14 16 18 20 22 26 0 0 0 0 0 8 9 10 11 13 8 9 11 12 14 16 18 20 22 26 
22 25 28 31 34 0 0 0 0 0 14 16 18 20 21 11 12 14 16 16 8 9 11 13 13 27 30 34 38 42 19 21 24 27 28 14 16 18 20 21 
20 22 25 27 31 0 0 0 0 0 23 26 29 31 35 8 9 10 11 14 16 18 21 24 25 8 9 11 13 15 24 27 30 33 37 14 16 18 20 23 
9 10 12 13 16 15 17 19 20 24 0 0 0 0 0 19 21 24 26 30 20 22 25 27 31 17 19 22 24 28 8 9 11 12 13 20 22 25 28 32 
10 1057 8
16 18 21 24 26 10 11 13 15 17 13 15 17 18 21 15 17 19 20 22 23 26 29 32 36 17 19 22 25 28 8 9 11 12 15 0 0 0 0 0 
9 10 12 14 16 8 9 10 12 14 24 27 31 35 39 23 26 29 31 36 19 21 24 26 28 14 16 18 20 23 0 0 0 0 0 24 27 31 34 38 
16 18 20 22 25 11 12 14 16 18 13 15 17 19 21 9 10 12 14 15 16 18 21 23 27 8 9 10 11 14 0 0 0 0 0 12 14 16 18 19 
27 30 34 38 40 25 28 32 36 38 13 15 17 18 20 8 9 11 12 13 12 13 15 16 20 0 0 0 0 0 8 9 10 12 14 25 28 32 35 38 
16 18 20 23 24 9 10 12 14 14 12 13 15 16 18 10 11 13 14 15 11 12 14 16 18 13 15 17 19 21 0 0 0 0 0 20 23 26 28 33 
0 0 0 0 0 26 29 33 37 41 8 9 11 13 14 13 15 17 18 20 23 26 29 32 35 20 23 26 29 33 10 11 13 15 16 21 24 27 30 34 
16 18 20 22 26 14 16 18 20 23 0 0 0 0 0 24 27 31 34 38 13 15 17 19 22 26 29 33 36 39 26 29 33 36 41 18 20 23 26 27 
24 27 30 34 38 18 20 23 26 28 19 21 24 27 28 23 26 29 32 34 23 26 29 31 34 18 20 23 25 27 0 0 0 0 0 10 11 13 15 16 
11 1196 8
14 16 18 19 21 11 12 14 16 17 0 0 0 0 0 14 16 18 20 22 21 24 27 30 32 10 11 13 15 15 22 25 28 31 33 20 22 25 28 30 
17 19 22 25 27 8 9 10 12 14 26 29 33 37 39 21 24 27 29 32 8 9 10 11 14 0 0 0 0 0 15 17 19 20 22 20 22 25 27 31 
18 20 23 26 29 0 0 0 0 0 15 17 19 21 24 10 11 13 15 17 18 20 23 26 27 12 14 16 17 21 24 27 30 34 38 10 11 13 14 15 
17 19 22 25 26 24 27 30 33 36 16 18 21 23 25 13 15 17 19 21 8 9 11 12 15 24 27 31 35 39 0 0 0 0 0 8 9 11 12 15 
25 28 32 36 39 11 12 14 16 17 11 12 14 15 16 27 30 34 37 41 24 27 31 35 39 0 0 0 0 0 22 25 28 30 35 24 27 30 34 37 
11 12 14 15 17 14 16 18 19 21 0 0 0 0 0 24 27 30 33 36 16 18 20 23 25 24 27 31 34 38 8 9 10 11 13 9 10 12 13 14 
21 24 27 30 34 15 17 19 21 24 0 0 0 0 0 20 22 25 27 30 20 22 25 27 30 8 9 10 11 12 17 19 22 25 28 12 14 16 18 19 
13 15 17 18 22 21 24 27 29 34 13 15 17 19 21 24 27 30 34 36 10 11 13 14 15 14 16 18 20 22 23 26 29 31 36 0 0 0 0 0 
12 2331 4
16 18 20 23 26 18 20 23 26 28 8 9 10 11 14 20 22 25 27 31 17 19 22 25 28 27 30 34 38 41 0 0 0 0 0 10 11 13 14 16 
24 27 30 34 37 23 26 29 32 36 27 30 34 38 42 27 30 34 37 42 26 29 33 36 41 14 16 18 20 23 0 0 0 0 0 20 22 25 28 30 
0 0 0 0 0 23 26 29 32 35 10 11 13 15 15 19 21 24 27 30 19 21 24 26 30 24 27 30 33 37 10 11 13 14 15 18 20 23 25 29 
10 11 13 14 17 0 0 0 0 0 24 27 31 34 37 8 9 10 12 13 22 25 28 30 35 9 10 12 14 14 24 27 31 34 38 16 18 21 24 27 
13 1397 7
0 0 0 0 0 15 17 19 20 23 17 19 22 25 28 26 29 33 36 41 8 9 10 11 14 9 10 12 13 15 12 14 16 17 21 14 16 18 20 21 
0 0 0 0 0 24 27 31 35 39 12 13 15 17 20 10 11 13 14 16 20 23 26 29 33 8 9 10 12 14 13 15 17 18 20 12 13 15 17 19 
25 28 32 36 39 0 0 0 0 0 20 23 26 28 33 14 16 18 20 22 27 30 34 38 41 11 12 14 16 16 16 18 21 23 25 19 21 24 27 30 
24 27 31 34 37 18 20 23 25 28 20 23 26 28 33 20 22 25 27 31 11 12 14 15 16 0 0 0 0 0 16 18 20 22 24 18 20 23 26 28 
0 0 0 0 0 19 21 24 26 29 14 16 18 19 23 16 18 21 24 27 22 25 28 31 34 14 16 18 20 21 25 28 32 36 40 24 27 30 34 38 
15 17 19 21 24 23 26 29 32 35 24 27 30 33 37 15 17 19 21 23 8 9 10 12 13 0 0 0 0 0 20 23 26 29 31 8 9 11 12 13 
14 16 18 19 22 0 0 0 0 0 24 27 31 34 38 26 29 33 36 40 17 19 22 25 26 12 13 15 16 18 26 29 33 36 40 14 16 18 20 22 
14 1127 7
0 0 0 0 0 15 17 19 21 22 19 21 24 27 29 25 28 32 35 40 10 11 13 15 16 20 23 26 28 32 27 30 34 37 40 26 29 33 37 40 
18 20 23 26 27 14 16 18 20 22 18 20 23 25 27 17 19 22 24 28 15 17 19 21 22 8 9 10 12 12 0 0 0 0 0 8 9 10 11 12 
0 0 0 0 0 24 27 31 35 37 16 18 21 23 25 17 19 22 25 26 14 16 18 19 23 13 15 17 19 22 9 10 12 14 16 8 9 10 11 14 
24 27 31 34 39 11 12 14 15 17 25 28 32 36 39 21 24 27 30 32 0 0 0 0 0 22 25 28 30 34 21 24 27 30 32 22 25 28 30 33 
11 12 14 16 16 18 20 23 26 28 9 10 12 13 15 16 18 20 22 26 19 21 24 26 28 0 0 0 0 0 25 28 32 35 38 18 20 23 25 27 
22 25 28 31 34 11 12 14 16 16 0 0 0 0 0 19 21 24 27 29 24 27 31 34 38 16 18 21 23 26 20 23 26 28 33 9 10 12 13 14 
12 14 16 17 19 12 13 15 17 18 0 0 0 0 0 21 24 27 29 34 27 30 34 37 40 25 28 32 35 40 12 14 16 18 21 16 18 21 23 27 
15 2151 4
0 0 0 0 0 24 27 31 34 37 25 28 32 36 40 10 11 13 14 17 24 27 31 35 39 19 21 24 27 30 22 25 28 30 35 20 23 26 28 32 
0 0 0 0 0 12 14 16 17 21 8 9 10 12 14 27 30 34 37 42 22 25 28 31 33 24 27 31 35 39 20 22 25 27 30 27 30 34 38 40 
24 27 30 33 37 9 10 12 14 14 16 18 20 23 24 16 18 21 23 27 26 29 33 37 39 0 0 0 0 0 18 20 23 26 29 18 20 23 25 29 
20 22 25 27 32 0 0 0 0 0 16 18 21 23 25 21 24 27 29 34 15 17 19 20 22 10 11 13 14 16 14 16 18 20 23 8 9 11 13 14 
16 2734 8
24 27 31 35 39 0 0 0 0 0 8 9 11 12 15 26 29 33 36 39 16 18 21 24 27 23 26 29 32 34 20 22 25 27 32 22 25 28 30 33 
20 23 26 29 32 12 14 16 17 21 25 28 32 36 40 0 0 0 0 0 23 26 29 32 34 8 9 11 12 14 11 12 14 16 17 24 27 30 34 36 
18 20 23 26 29 13 15 17 19 22 8 9 10 12 12 24 27 30 34 37 20 23 26 29 33 12 14 16 17 19 0 0 0 0 0 10 11 13 14 17 
23 26 29 32 34 16 18 21 24 27 20 23 26 28 31 14 16 18 19 23 0 0 0 0 0 23 26 29 31 35 20 23 26 28 33 20 22 25 27 31 
18 20 23 25 27 8 9 10 12 12 9 10 12 14 16 18 20 23 26 28 23 26 29 31 34 23 26 29 31 34 19 21 24 27 28 0 0 0 0 0 
8 9 11 12 14 8 9 11 13 15 21 24 27 29 34 11 12 14 16 18 26 29 33 37 41 24 27 30 34 37 21 24 27 29 33 0 0 0 0 0 
12 14 16 17 21 19 21 24 26 30 19 21 24 27 28 16 18 21 23 25 0 0 0 0 0 15 17 19 21 24 27 30 34 37 40 25 28 32 36 40 
24 27 31 35 37 16 18 20 22 26 8 9 11 12 14 12 14 16 17 20 8 9 11 12 13 0 0 0 0 0 23 26 29 31 34 27 30 34 37 40 
17 2095 8
8 9 11 12 14 25 28 32 36 40 14 16 18 19 21 15 17 19 20 24 12 14 16 17 21 12 14 16 17 20 12 14 16 17 20 0 0 0 0 0 
24 27 30 33 36 20 23 26 29 33 18 20 23 25 28 24 27 31 34 37 22 25 28 31 34 0 0 0 0 0 17 19 22 25 28 22 25 28 30 33 
26 29 33 37 41 23 26 29 31 36 11 12 14 16 18 26 29 33 36 39 13 15 17 18 20 25 28 32 36 40 27 30 34 37 40 0 0 0 0 0 
19 21 24 26 28 24 27 30 34 37 12 14 16 18 19 20 23 26 29 33 10 11 13 14 16 12 14 16 18 21 11 12 14 15 18 0 0 0 0 0 
16 18 21 24 25 24 27 31 34 39 0 0 0 0 0 12 13 15 16 18 18 20 23 25 28 22 25 28 31 34 26 29 33 36 41 17 19 22 25 27 
24 27 30 34 37 9 10 12 13 14 25 28 32 35 38 0 0 0 0 0 17 19 22 24 28 20 22 25 28 32 9 10 12 14 15 8 9 10 12 14 
24 27 30 34 38 9 10 12 13 16 8 9 11 12 13 19 21 24 26 29 0 0 0 0 0 18 20 23 26 27 16 18 21 24 27 24 27 30 33 36 
27 30 34 37 40 16 18 21 23 25 9 10 12 13 15 23 26 29 31 35 24 27 31 34 38 0 0 0 0 0 24 27 30 34 37 14 16 18 19 23 
18 1137 5
20 23 26 28 33 20 23 26 29 31 13 15 17 18 21 13 15 17 19 22 20 22 25 28 32 0 0 0 0 0 9 10 12 13 16 9 10 12 14 15 
20 22 25 27 31 12 13 15 16 18 0 0 0 0 0 12 13 15 16 19 26 29 33 37 40 27 30 34 37 42 10 11 13 14 17 12 13 15 16 20 
24 27 31 34 39 12 13 15 17 18 26 29 33 36 41 13 15 17 18 21 21 24 27 29 34 20 22 25 27 31 0 0 0 0 0 9 10 12 14 16 
26 29 33 36 40 21 24 27 29 34 26 29 33 36 41 14 16 18 20 23 8 9 11 12 15 16 18 20 22 25 14 16 18 20 23 0 0 0 0 0 
0 0 0 0 0 20 22 25 28 31 12 14 16 18 19 16 18 21 24 27 11 12 14 15 17 27 30 34 38 40 23 26 29 31 34 12 13 15 17 20 
19 1508 6
15 17 19 20 23 10 11 13 14 15 0 0 0 0 0 18 20 23 25 27 21 24 27 29 34 19 21 24 27 28 12 14 16 17 21 16 18 21 24 26 
18 20 23 25 28 15 17 19 21 23 25 28 32 35 38 18 20 23 26 27 13 15 17 19 20 0 0 0 0 0 18 20 23 25 27 18 20 23 25 29 
0 0 0 0 0 27 30 34 38 41 15 17 19 20 22 16 18 21 23 27 20 22 25 27 30 24 27 31 35 39 12 14 16 18 19 23 26 29 31 34 
27 30 34 38 41 18 20 23 26 29 0 0 0 0 0 8 9 11 12 13 11 12 14 16 16 15 17 19 21 24 14 16 18 19 22 18 20 23 25 28 
0 0 0 0 0 16 18 20 22 25 20 23 26 28 31 20 22 25 27 31 20 23 26 28 33 25 28 32 36 38 19 21 24 27 28 21 24 27 29 34 
12 13 15 16 19 12 14 16 17 19 16 18 21 24 27 24 27 31 35 39 0 0 0 0 0 22 25 28 30 33 11 12 14 15 16 17 19 22 24 27 
20 1862 5
22 25 28 31 33 12 14 16 18 21 15 17 19 21 24 13 15 17 18 20 24 27 31 34 37 0 0 0 0 0 19 21 24 27 30 24 27 31 34 38 
12 14 16 17 20 16 18 20 23 26 17 19 22 25 26 23 26 29 32 35 0 0 0 0 0 21 24 27 29 32 9 10 12 14 16 27 30 34 37 42 
0 0 0 0 0 27 30 34 37 42 21 24 27 29 34 25 28 32 35 39 16 18 21 23 25 8 9 11 12 14 21 24 27 29 32 16 18 21 24 26 
27 30 34 38 42 9 10 12 13 14 0 0 0 0 0 23 26 29 32 34 27 30 34 37 41 24 27 30 34 37 19 21 24 27 28 8 9 11 12 15 
18 20 23 26 27 11 12 14 16 18 16 18 21 24 25 0 0 0 0 0 10 11 13 14 15 17 19 22 25 26 15 17 19 20 23 17 19 22 25 26 
21 1993 6
0 0 0 0 0 11 12 14 16 16 8 9 10 12 14 13 15 17 19 21 27 30 34 38 42 8 9 11 12 13 16 18 20 22 26 8 9 11 13 15 
20 23 26 28 33 11 12 14 15 16 25 28 32 35 38 11 12 14 15 18 16 18 20 23 24 23 26 29 31 34 0 0 0 0 0 26 29 33 37 41 
0 0 0 0 0 14 16 18 20 22 11 12 14 16 16 16 18 21 23 27 21 24 27 29 32 12 13 15 17 18 10 11 13 15 15 8 9 11 12 13 
15 17 19 21 23 25 28 32 36 39 9 10 12 14 15 23 26 29 32 35 12 13 15 17 19 16 18 20 23 24 16 18 20 22 25 0 0 0 0 0 
16 18 21 24 26 26 29 33 37 41 19 21 24 27 28 24 27 30 34 37 27 30 34 38 40 24 27 31 35 39 9 10 12 13 15 0 0 0 0 0 
23 26 29 31 35 0 0 0 0 0 11 12 14 15 16 17 19 22 24 28 17 19 22 24 28 8 9 10 11 14 24 27 30 33 36 14 16 18 19 23 
22 1074 5
26 29 33 37 39 26 29 33 37 39 16 18 21 24 26 18 20 23 25 29 0 0 0 0 0 16 18 20 23 26 24 27 31 34 38 24 27 30 33 38 
25 28 32 36 40 8 9 11 12 14 9 10 12 14 16 11 12 14 15 17 11 12 14 16 17 0 0 0 0 0 21 24 27 30 32 8 9 11 13 13 
26 29 33 37 41 19 21 24 27 29 0 0 0 0 0 25 28 32 36 40 9 10 12 13 15 20 22 25 28 31 15 17 19 20 22 9 10 12 13 16 
15 17 19 20 22 21 24 27 29 32 16 18 20 22 26 20 22 25 27 31 13 15 17 18 21 8 9 10 12 14 0 0 0 0 0 13 15 17 19 20 
8 9 10 11 14 23 26 29 31 36 15 17 19 20 24 0 0 0 0 0 18 20 23 26 27 16 18 21 24 26 15 17 19 21 22 13 15 17 19 21 
23 2809 7
8 9 10 11 12 21 24 27 30 32 16 18 20 22 25 17 19 22 25 28 14 16 18 19 22 16 18 21 24 25 20 22 25 28 30 0 0 0 0 0 
27 30 34 37 41 18 20 23 26 29 12 14 16 17 20 12 13 15 16 20 17 19 22 24 26 17 19 22 24 27 26 29 33 37 40 0 0 0 0 0 
24 27 31 35 37 25 28 32 36 38 16 18 20 23 25 0 0 0 0 0 9 10 12 14 16 12 13 15 16 18 12 14 16 18 19 13 15 17 18 22 
26 29 33 37 41 15 17 19 20 24 27 30 34 38 42 23 26 29 31 34 0 0 0 0 0 20 23 26 28 31 21 24 27 29 34 8 9 11 12 14 
12 13 15 17 18 19 21 24 27 29 19 21 24 26 29 16 18 21 23 27 17 19 22 25 26 8 9 11 13 13 0 0 0 0 0 21 24 27 30 33 
12 13 15 17 19 24 27 30 33 38 8 9 11 13 14 21 24 27 30 33 27 30 34 37 42 19 21 24 27 28 0 0 0 0 0 20 22 25 27 32 
21 24 27 29 32 11 12 14 16 18 10 11 13 14 16 11 12 14 15 16 8 9 10 12 13 0 0 0 0 0 21 24 27 29 32 26 29 33 37 40 
24 2537 6
10 11 13 14 17 21 24 27 30 34 0 0 0 0 0 27 30 34 37 40 17 19 22 24 26 22 25 28 30 34 15 17 19 21 22 12 13 15 16 18 
17 19 22 24 26 16 18 21 24 26 17 19 22 24 28 17 19 22 24 26 12 14 16 18 19 14 16 18 19 22 13 15 17 18 22 0 0 0 0 0 
27 30 34 38 42 19 21 24 27 29 10 11 13 14 15 0 0 0 0 0 19 21 24 26 28 26 29 33 37 39 20 23 26 28 33 23 26 29 31 36 
17 19 22 25 26 12 14 16 18 19 26 29 33 36 41 0 0 0 0 0 25 28 32 35 39 12 13 15 17 18 18 20 23 26 28 12 14 16 17 19 
8 9 11 12 15 19 21 24 27 28 11 12 14 16 16 21 24 27 30 32 0 0 0 0 0 8 9 11 12 13 10 11 13 14 17 18 20 23 26 28 
15 17 19 21 24 0 0 0 0 0 24 27 31 35 39 16 18 20 22 25 20 23 26 29 32 20 23 26 28 32 18 20 23 25 28 18 20 23 25 27 
25 1247 5
12 13 15 17 19 0 0 0 0 0 12 14 16 18 19 23 26 29 31 36 24 27 30 33 38 9 10 12 14 15 13 15 17 19 20 20 22 25 27 32 
23 26 29 32 35 0 0 0 0 0 18 20 23 26 28 23 26 29 31 34 8 9 10 12 12 11 12 14 16 17 16 18 21 24 25 17 19 22 25 28 
12 13 15 16 20 16 18 21 23 26 11 12 14 16 18 25 28 32 35 39 13 15 17 19 20 0 0 0 0 0 22 25 28 31 34 22 25 28 31 33 
0 0 0 0 0 23 26 29 32 36 16 18 21 24 27 13 15 17 19 22 15 17 19 21 22 26 29 33 36 40 15 17 19 20 23 10 11 13 14 15 
26 29 33 36 40 9 10 12 14 15 8 9 11 13 14 0 0 0 0 0 11 12 14 15 18 16 18 21 23 25 15 17 19 20 24 8 9 10 11 13 
26 2794 8
12 13 15 17 20 24 27 30 34 36 8 9 11 13 15 20 23 26 28 31 9 10 12 14 16 18 20 23 25 27 8 9 10 12 13 0 0 0 0 0 
24 27 31 34 39 26 29 33 37 40 8 9 11 13 13 16 18 20 22 24 19 21 24 26 28 12 13 15 17 19 0 0 0 0 0 8 9 11 12 13 
16 18 20 23 26 17 19 22 24 26 0 0 0 0 0 15 17 19 21 22 19 21 24 27 30 14 16 18 19 23 11 12 14 15 16 8 9 10 12 12 
20 23 26 28 31 10 11 13 15 16 16 18 20 22 25 0 0 0 0 0 12 14 16 17 20 26 29 33 36 41 18 20 23 25 27 26 29 33 37 39 
13 15 17 18 21 15 17 19 21 22 0 0 0 0 0 14 16 18 20 23 8 9 11 12 14 16 18 21 23 26 24 27 31 34 39 8 9 10 11 13 
14 16 18 19 22 20 22 25 28 32 18 20 23 26 29 26 29 33 36 41 0 0 0 0 0 8 9 10 11 13 17 19 22 24 27 8 9 11 13 15 
20 22 25 28 31 17 19 22 25 27 8 9 10 11 13 0 0 0 0 0 11 12 14 16 16 12 13 15 16 18 18 20 23 26 27 9 10 12 13 15 
13 15 17 18 20 26 29 33 36 39 19 21 24 27 30 24 27 30 34 38 14 16 18 20 21 14 16 18 19 23 0 0 0 0 0 17 19 22 24 28 
27 1032 7
19 21 24 26 29 16 18 21 24 25 24 27 30 33 38 21 24 27 30 33 18 20 23 26 27 19 21 24 27 28 0 0 0 0 0 27 30 34 37 42 
19 21 24 26 29 11 12 14 15 17 24 27 31 35 38 0 0 0 0 0 12 14 16 18 21 24 27 31 34 38 24 27 31 34 39 17 19 22 24 26 
17 19 22 25 28 9 10 12 14 14 20 23 26 28 33 12 14 16 17 20 0 0 0 0 0 24 27 31 34 39 24 27 30 34 36 16 18 21 24 26 
0 0 0 0 0 27 30 34 38 42 22 25 28 30 34 8 9 11 12 15 26 29 33 36 40 24 27 31 35 38 19 21 24 26 30 18 20 23 26 27 
24 27 31 35 39 0 0 0 0 0 25 28 32 35 40 15 17 19 21 23 11 12 14 16 16 13 15 17 18 20 16 18 20 23 25 18 20 23 25 29 
27 30 34 37 40 0 0 0 0 0 26 29 33 36 39 23 26 29 32 36 20 23 26 28 31 23 26 29 31 36 9 10 12 14 14 16 18 21 24 26 
10 11 13 14 17 9 10 12 14 16 12 14 16 18 20 27 30 34 37 41 25 28 32 36 40 23 26 29 32 35 23 26 29 31 34 0 0 0 0 0 
28 2339 5
26 29 33 36 40 22 25 28 30 35 9 10 12 13 15 0 0 0 0 0 8 9 11 12 14 14 16 18 19 22 16 18 20 22 24 20 22 25 28 31 
20 23 26 29 31 18 20 23 25 29 26 29 33 36 40 25 28 32 35 38 11 12 14 15 17 15 17 19 20 22 0 0 0 0 0 9 10 12 13 16 
11 12 14 15 17 12 14 16 18 19 11 12 14 15 17 23 26 29 32 34 0 0 0 0 0 12 14 16 17 21 10 11 13 15 16 17 19 22 24 26 
22 25 28 30 34 8 9 11 12 15 12 13 15 17 19 8 9 10 12 12 8 9 11 12 13 0 0 0 0 0 10 11 13 14 15 15 17 19 21 24 
13 15 17 19 22 22 25 28 31 35 27 30 34 38 41 9 10 12 14 16 0 0 0 0 0 20 22 25 28 32 15 17 19 20 23 17 19 22 24 27 
29 2923 5
0 0 0 0 0 8 9 10 11 12 20 22 25 27 32 14 16 18 19 21 11 12 14 15 17 20 23 26 29 32 18 20 23 25 28 19 21 24 26 30 
25 28 32 36 38 10 11 13 15 17 23 26 29 32 36 9 10 12 14 15 0 0 0 0 0 16 18 20 22 25 11 12 14 16 18 16 18 21 23 27 
16 18 21 23 25 0 0 0 0 0 24 27 31 35 39 22 25 28 30 35 18 20 23 25 28 24 27 31 34 37 16 18 20 23 26 24 27 31 34 39 
0 0 0 0 0 11 12 14 15 17 10 11 13 15 15 20 22 25 27 32 27 30 34 37 41 13 15 17 18 22 16 18 21 23 25 12 13 15 17 18 
20 22 25 28 32 22 25 28 31 33 21 24 27 30 32 0 0 0 0 0 16 18 21 23 26 21 24 27 29 33 15 17 19 20 23 8 9 11 13 15 
0 1197 191 157 36 
1 1230 173 54 40 
2 1095 174 141 98 
3 1149 41 114 96 
4 1154 139 56 107 
5 1334 160 39 99 
6 1167 187 70 94 
7 1161 74 104 71 
17 50 8000 20000 0.52 0.78 30 5000 750 12500 0.43 0.49 900 10000 9746 5493 21 2.062
