20 7
0 1245 3
11 12 14 16 16 12 13 15 17 18 0 0 0 0 0 17 19 22 25 26 20 22 25 27 31 23 26 29 31 34 10 11 13 15 16 
22 25 28 30 33 0 0 0 0 0 25 28 32 35 39 27 30 34 37 40 16 18 21 23 25 15 17 19 20 23 27 30 34 38 40 
22 25 28 30 33 10 11 13 15 16 14 16 18 19 21 17 19 22 24 26 0 0 0 0 0 8 9 10 12 13 24 27 30 34 37 
1 1790 4
0 0 0 0 0 19 21 24 26 29 27 30 34 38 42 18 20 23 26 28 8 9 11 12 14 12 13 15 17 20 19 21 24 27 29 
8 9 11 12 15 22 25 28 31 33 20 22 25 28 30 27 30 34 38 42 0 0 0 0 0 10 11 13 15 17 10 11 13 15 17 
13 15 17 19 21 12 13 15 17 20 8 9 11 13 13 0 0 0 0 0 18 20 23 25 27 20 22 25 28 31 25 28 32 35 40 
9 10 12 14 15 8 9 10 12 14 0 0 0 0 0 26 29 33 37 39 21 24 27 30 33 16 18 21 24 27 26 29 33 36 39 
2 1556 6
21 24 27 29 33 14 16 18 20 23 18 20 23 25 27 23 26 29 32 36 0 0 0 0 0 11 12 14 16 16 23 26 29 32 34 
9 10 12 14 15 9 10 12 13 15 9 10 12 13 15 20 23 26 29 33 0 0 0 0 0 14 16 18 20 21 16 18 21 23 25 
27 30 34 37 41 26 29 33 36 39 21 24 27 30 33 0 0 0 0 0 16 18 20 23 24 12 13 15 16 20 25 28 32 36 40 
27 30 34 37 40 22 25 28 31 35 23 26 29 32 36 12 14 16 18 19 0 0 0 0 0 23 26 29 31 35 9 10 12 13 14 
20 22 25 27 31 12 13 15 16 18 0 0 0 0 0 8 9 11 12 15 8 9 10 11 12 16 18 21 24 25 18 20 23 25 27 
17 19 22 24 27 0 0 0 0 0 21 24 27 29 34 21 24 27 30 33 16 18 21 24 26 25 28 32 36 38 19 21 24 27 30 
3 2152 3
16 18 20 23 26 20 22 25 28 30 19 21 24 27 30 16 18 21 24 25 22 25 28 30 34 10 11 13 14 17 0 0 0 0 0 
0 0 0 0 0 26 29 33 37 40 13 15 17 19 20 14 16 18 20 21 20 22 25 27 32 20 22 25 27 32 24 27 30 34 37 
22 25 28 30 34 11 12 14 15 17 8 9 10 12 14 0 0 0 0 0 24 27 31 35 37 10 11 13 14 15 8 9 10 12 14 
4 2567 3
8 9 11 12 14 12 13 15 17 20 0 0 0 0 0 14 16 18 20 23 16 18 21 23 25 16 18 20 22 25 24 27 30 33 36 
14 16 18 20 23 20 22 25 27 32 0 0 0 0 0 23 26 29 31 36 19 21 24 27 30 25 28 32 36 39 22 25 28 30 35 
11 12 14 15 17 0 0 0 0 0 15 17 19 21 22 22 25 28 30 33 10 11 13 15 17 16 18 20 22 24 26 29 33 36 39 
5 1599 6
25 28 32 35 39 19 21 24 26 29 14 16 18 20 23 12 14 16 18 20 0 0 0 0 0 17 19 22 24 26 19 21 24 26 30 
12 13 15 16 20 13 15 17 18 20 9 10 12 13 15 27 30 34 37 41 20 22 25 27 32 17 19 22 25 27 0 0 0 0 0 
15 17 19 21 23 16 18 20 22 26 24 27 31 34 38 16 18 20 22 25 8 9 11 12 14 9 10 12 13 16 0 0 0 0 0 
8 9 10 12 13 20 22 25 27 32 21 24 27 30 32 12 13 15 17 19 24 27 31 35 39 17 19 22 24 28 0 0 0 0 0 
26 29 33 36 41 15 17 19 20 22 0 0 0 0 0 25 28 32 35 40 13 15 17 18 20 8 9 10 11 13 10 11 13 15 15 
0 0 0 0 0 12 14 16 18 20 17 19 22 24 26 15 17 19 21 23 24 27 30 33 36 17 19 22 25 26 9 10 12 13 16 
6 2857 6
13 15 17 18 20 11 12 14 16 17 0 0 0 0 0 20 22 25 27 32 9 10 12 14 16 19 21 24 27 28 25 28 32 36 39 
11 12 14 16 18 21 24 27 30 34 8 9 10 12 14 10 11 13 15 17 12 13 15 17 19 0 0 0 0 0 18 20 23 25 29 
25 28 32 35 39 0 0 0 0 0 22 25 28 30 34 21 24 27 29 33 23 26 29 32 34 22 25 28 30 33 16 18 20 22 26 
15 17 19 20 23 11 12 14 16 18 27 30 34 38 40 19 21 24 27 30 14 16 18 19 21 26 29 33 36 40 0 0 0 0 0 
14 16 18 20 21 18 20 23 25 28 10 11 13 15 17 0 0 0 0 0 21 24 27 29 34 16 18 21 24 25 16 18 21 24 27 
19 21 24 27 29 0 0 0 0 0 8 9 11 12 13 20 22 25 27 30 27 30 34 38 42 12 13 15 17 18 15 17 19 21 23 
7 2651 3
10 11 13 15 17 21 24 27 30 32 13 15 17 19 20 25 28 32 35 39 0 0 0 0 0 21 24 27 30 33 12 13 15 17 18 
24 27 31 35 39 14 16 18 20 21 0 0 0 0 0 12 14 16 17 20 19 21 24 27 29 19 21 24 26 30 19 21 24 27 28 
21 24 27 30 32 18 20 23 25 27 26 29 33 36 41 11 12 14 16 17 0 0 0 0 0 12 14 16 17 21 16 18 20 23 24 
8 2007 3
21 24 27 29 32 19 21 24 27 28 21 24 27 29 32 0 0 0 0 0 15 17 19 21 23 25 28 32 35 40 20 23 26 28 33 
25 28 32 35 39 13 15 17 19 22 24 27 31 34 39 19 21 24 27 29 16 18 21 23 25 11 12 14 16 18 0 0 0 0 0 
0 0 0 0 0 21 24 27 30 32 20 23 26 28 31 8 9 10 12 13 26 29 33 37 41 13 15 17 19 20 16 18 21 24 27 
9 2973 6
23 26 29 32 34 12 13 15 17 18 0 0 0 0 0 21 24 27 29 32 21 24 27 29 32 24 27 30 33 37 17 19 22 25 27 
0 0 0 0 0 12 13 15 17 20 11 12 14 16 17 9 10 12 13 14 12 13 15 16 18 23 26 29 31 34 8 9 10 11 14 
12 13 15 16 20 0 0 0 0 0 11 12 14 15 16 14 16 18 20 23 24 27 31 34 39 27 30 34 37 41 16 18 20 22 24 
24 27 30 34 36 0 0 0 0 0 17 19 22 24 27 18 20 23 26 27 20 23 26 29 31 11 12 14 16 17 16 18 20 22 24 
8 9 11 12 15 16 18 20 23 24 25 28 32 36 40 21 24 27 30 33 0 0 0 0 0 17 19 22 24 28 22 25 28 30 33 
24 27 31 35 39 0 0 0 0 0 10 11 13 14 16 9 10 12 13 16 23 26 29 32 34 21 24 27 29 33 23 26 29 31 34 
10 1203 5
26 29 33 36 39 0 0 0 0 0 9 10 12 13 16 16 18 21 24 26 21 24 27 29 32 12 14 16 18 19 17 19 22 25 27 
16 18 20 23 26 9 10 12 14 14 0 0 0 0 0 16 18 21 23 25 17 19 22 24 28 10 11 13 15 17 12 13 15 17 20 
0 0 0 0 0 26 29 33 37 39 9 10 12 14 16 12 14 16 17 21 24 27 31 34 38 19 21 24 26 29 20 22 25 27 30 
24 27 30 34 37 18 20 23 26 28 12 14 16 17 19 0 0 0 0 0 8 9 10 11 14 27 30 34 37 41 22 25 28 30 33 
26 29 33 36 41 26 29 33 36 40 9 10 12 13 14 0 0 0 0 0 11 12 14 16 17 11 12 14 15 18 24 27 30 33 36 
11 2610 3
23 26 29 32 35 0 0 0 0 0 12 13 15 16 20 23 26 29 32 34 12 13 15 17 19 24 27 30 34 36 16 18 20 22 26 
16 18 20 23 25 24 27 31 34 38 16 18 21 23 26 0 0 0 0 0 13 15 17 18 20 22 25 28 31 33 9 10 12 14 14 
22 25 28 30 33 8 9 11 13 15 9 10 12 13 14 22 25 28 31 35 23 26 29 31 34 23 26 29 32 34 0 0 0 0 0 
12 2578 4
24 27 30 34 37 20 23 26 28 33 0 0 0 0 0 10 11 13 14 16 11 12 14 15 16 8 9 10 12 14 16 18 21 24 27 
9 10 12 13 16 24 27 31 34 38 24 27 30 34 36 0 0 0 0 0 12 13 15 17 18 25 28 32 35 40 23 26 29 32 35 
11 12 14 16 17 24 27 31 35 39 23 26 29 32 35 16 18 20 23 26 20 23 26 28 33 17 19 22 25 28 0 0 0 0 0 
16 18 21 23 26 26 29 33 36 41 16 18 21 23 25 0 0 0 0 0 25 28 32 35 39 21 24 27 29 34 10 11 13 14 17 
13 2267 6
8 9 11 12 14 24 27 31 35 39 0 0 0 0 0 20 23 26 29 32 11 12 14 15 17 24 27 31 35 38 27 30 34 38 42 
8 9 11 12 14 27 30 34 38 41 0 0 0 0 0 27 30 34 38 41 17 19 22 25 26 8 9 10 11 12 10 11 13 15 16 
11 12 14 16 17 13 15 17 19 20 0 0 0 0 0 25 28 32 35 39 23 26 29 32 35 9 10 12 14 16 22 25 28 30 33 
0 0 0 0 0 27 30 34 38 41 18 20 23 26 28 22 25 28 31 33 27 30 34 37 41 19 21 24 27 29 18 20 23 25 27 
22 25 28 30 34 12 14 16 18 19 13 15 17 18 22 12 14 16 18 20 0 0 0 0 0 18 20 23 26 29 26 29 33 36 41 
19 21 24 27 28 8 9 11 12 15 22 25 28 31 34 21 24 27 30 34 10 11 13 15 17 0 0 0 0 0 27 30 34 37 42 
14 1489 5
10 11 13 14 17 0 0 0 0 0 17 19 22 25 27 19 21 24 26 30 8 9 10 11 12 25 28 32 36 38 16 18 20 23 24 
16 18 21 23 26 0 0 0 0 0 16 18 21 24 27 12 14 16 17 20 14 16 18 20 21 20 23 26 28 33 24 27 31 34 37 
0 0 0 0 0 12 14 16 17 21 25 28 32 36 38 10 11 13 14 16 23 26 29 32 34 23 26 29 31 34 24 27 31 35 37 
18 20 23 26 27 9 10 12 14 16 8 9 10 12 13 12 13 15 17 18 27 30 34 37 42 0 0 0 0 0 18 20 23 25 27 
14 16 18 19 22 14 16 18 19 22 17 19 22 25 27 27 30 34 38 40 11 12 14 16 18 0 0 0 0 0 8 9 11 13 14 
15 2684 4
16 18 20 23 25 23 26 29 31 36 21 24 27 30 34 15 17 19 21 23 25 28 32 35 40 0 0 0 0 0 17 19 22 24 27 
17 19 22 24 28 25 28 32 36 39 25 28 32 36 39 26 29 33 36 41 0 0 0 0 0 12 13 15 16 19 21 24 27 29 32 
26 29 33 37 40 24 27 31 34 39 15 17 19 21 23 0 0 0 0 0 13 15 17 18 22 24 27 30 34 37 18 20 23 25 29 
25 28 32 36 38 15 17 19 21 22 8 9 10 12 13 20 22 25 27 32 9 10 12 13 15 0 0 0 0 0 15 17 19 20 23 
16 1286 5
24 27 31 35 39 16 18 20 22 26 0 0 0 0 0 23 26 29 32 34 22 25 28 31 34 16 18 20 22 25 20 23 26 29 32 
16 18 21 23 27 8 9 10 11 14 11 12 14 15 18 10 11 13 14 15 20 23 26 29 31 0 0 0 0 0 24 27 30 34 36 
17 19 22 25 27 0 0 0 0 0 21 24 27 30 32 12 13 15 16 18 13 15 17 18 22 13 15 17 18 20 10 11 13 14 15 
11 12 14 15 17 0 0 0 0 0 8 9 10 11 13 23 26 29 31 35 24 27 30 33 38 11 12 14 15 16 8 9 11 13 15 
13 15 17 19 20 15 17 19 20 22 19 21 24 27 28 0 0 0 0 0 8 9 11 13 13 9 10 12 14 14 11 12 14 16 18 
17 1202 5
18 20 23 26 28 12 14 16 18 19 13 15 17 18 21 18 20 23 26 28 9 10 12 14 15 13 15 17 18 22 0 0 0 0 0 
20 23 26 29 32 0 0 0 0 0 9 10 12 14 15 15 17 19 20 24 27 30 34 37 41 18 20 23 26 29 14 16 18 19 22 
22 25 28 30 33 24 27 30 34 36 27 30 34 37 41 22 25 28 30 34 26 29 33 36 41 0 0 0 0 0 17 19 22 25 28 
0 0 0 0 0 8 9 10 11 12 20 23 26 29 32 20 23 26 29 31 9 10 12 13 16 22 25 28 30 35 15 17 19 20 24 
15 17 19 20 24 12 13 15 17 19 24 27 30 34 38 13 15 17 18 22 0 0 0 0 0 24 27 30 33 36 8 9 11 13 14 
18 2776 5
11 12 14 15 18 16 18 21 23 26 20 22 25 27 31 13 15 17 18 20 0 0 0 0 0 15 17 19 21 24 8 9 10 11 14 
11 12 14 16 16 12 13 15 17 19 24 27 31 34 37 16 18 20 22 24 24 27 30 34 37 20 22 25 28 30 0 0 0 0 0 
21 24 27 30 32 11 12 14 16 16 13 15 17 18 21 22 25 28 31 34 18 20 23 25 28 24 27 30 34 37 0 0 0 0 0 
19 21 24 26 29 20 22 25 27 30 14 16 18 19 21 16 18 20 23 25 12 13 15 17 20 0 0 0 0 0 12 13 15 16 19 
24 27 31 35 38 8 9 10 11 12 0 0 0 0 0 21 24 27 30 33 24 27 31 35 39 25 28 32 35 38 23 26 29 31 36 
19 2899 3
20 23 26 29 33 0 0 0 0 0 14 16 18 20 22 16 18 21 23 26 12 14 16 17 20 20 22 25 28 31 13 15 17 18 20 
27 30 34 37 40 12 13 15 17 18 15 17 19 20 23 13 15 17 18 20 24 27 30 33 36 12 13 15 17 20 0 0 0 0 0 
11 12 14 15 18 8 9 10 11 14 8 9 11 13 14 16 18 21 23 26 11 12 14 15 16 0 0 0 0 0 24 27 30 33 38 
0 1242 38 90 41 
1 1061 39 201 100 
2 1333 92 183 12 
3 1002 148 141 108 
4 1447 165 26 32 
5 1186 214 197 54 
6 1183 167 60 95 
17 50 8000 20000 0.52 0.78 30 5000 750 12500 0.43 0.49 900 10000 9746 5493 21 2.062
