30 9
0 1043 5
20 22 25 28 30 14 16 18 20 22 12 13 15 16 19 15 17 19 20 23 23 26 29 31 35 15 17 19 20 24 20 23 26 29 32 0 0 0 0 0 16 18 20 23 26 
26 29 33 36 41 24 27 30 33 38 20 23 26 28 31 20 22 25 28 31 11 12 14 16 18 0 0 0 0 0 25 28 32 35 39 20 22 25 28 30 19 21 24 27 29 
10 11 13 15 17 24 27 30 33 38 8 9 11 12 13 21 24 27 30 33 0 0 0 0 0 23 26 29 31 36 15 17 19 20 22 11 12 14 16 17 17 19 22 25 26 
17 19 22 25 28 24 27 30 33 38 21 24 27 29 34 16 18 20 23 25 14 16 18 20 23 12 14 16 17 21 14 16 18 20 21 24 27 31 34 39 0 0 0 0 0 
0 0 0 0 0 24 27 30 34 38 27 30 34 37 41 14 16 18 19 23 12 14 16 18 19 25 28 32 36 39 18 20 23 25 27 16 18 21 23 27 16 18 21 24 25 
1 2666 6
22 25 28 31 34 0 0 0 0 0 27 30 34 38 42 8 9 10 12 14 26 29 33 36 41 26 29 33 37 40 27 30 34 38 41 23 26 29 31 34 16 18 20 22 25 
0 0 0 0 0 16 18 21 23 27 20 22 25 28 30 20 23 26 28 32 21 24 27 29 33 8 9 10 11 13 15 17 19 21 24 17 19 22 24 28 12 13 15 17 20 
8 9 10 11 12 0 0 0 0 0 24 27 30 33 38 16 18 20 22 26 27 30 34 38 41 12 14 16 18 20 21 24 27 29 32 20 23 26 29 31 20 22 25 27 30 
20 23 26 29 33 8 9 10 12 13 16 18 20 23 25 14 16 18 20 22 27 30 34 37 41 25 28 32 36 40 0 0 0 0 0 11 12 14 15 17 19 21 24 26 28 
24 27 30 33 37 27 30 34 38 41 0 0 0 0 0 10 11 13 14 15 20 22 25 28 30 12 14 16 18 19 11 12 14 16 18 15 17 19 21 24 16 18 20 22 24 
22 25 28 31 34 25 28 32 36 40 15 17 19 20 23 21 24 27 29 32 27 30 34 38 41 8 9 10 12 12 0 0 0 0 0 18 20 23 25 29 9 10 12 14 16 
2 1492 8
14 16 18 20 21 0 0 0 0 0 27 30 34 37 40 25 28 32 35 40 17 19 22 25 28 27 30 34 37 41 14 16 18 19 21 22 25 28 30 33 18 20 23 26 27 
8 9 11 12 15 0 0 0 0 0 8 9 11 12 14 12 14 16 17 19 18 20 23 25 29 26 29 33 36 39 20 23 26 28 31 8 9 10 12 13 10 11 13 15 15 
10 11 13 14 15 21 24 27 29 34 21 24 27 29 32 8 9 10 11 13 27 30 34 38 41 20 23 26 29 32 11 12 14 15 17 0 0 0 0 0 11 12 14 15 18 
24 27 31 34 38 9 10 12 13 14 24 27 30 33 36 18 20 23 26 29 16 18 20 22 26 12 14 16 18 19 15 17 19 20 22 21 24 27 30 32 0 0 0 0 0 
12 14 16 18 21 14 16 18 20 22 9 10 12 13 14 8 9 10 11 13 21 24 27 29 32 0 0 0 0 0 9 10 12 13 15 15 17 19 20 24 13 15 17 18 20 
8 9 10 11 14 17 19 22 25 26 17 19 22 24 28 24 27 31 35 39 15 17 19 21 22 26 29 33 37 40 0 0 0 0 0 8 9 10 11 12 10 11 13 15 16 
11 12 14 15 17 21 24 27 30 32 0 0 0 0 0 17 19 22 25 28 27 30 34 37 41 25 28 32 35 39 24 27 31 35 37 9 10 12 13 15 18 20 23 25 29 
17 19 22 24 28 13 15 17 18 22 21 24 27 29 33 12 13 15 16 18 20 23 26 28 33 27 30 34 38 41 0 0 0 0 0 12 13 15 16 20 24 27 30 34 37 
3 2467 7
24 27 30 34 36 23 26 29 31 34 0 0 0 0 0 24 27 31 34 37 19 21 24 27 28 26 29 33 36 41 24 27 30 33 38 12 14 16 17 20 13 15 17 19 21 
22 25 28 31 33 22 25 28 31 35 15 17 19 21 24 17 19 22 24 27 0 0 0 0 0 27 30 34 38 42 25 28 32 36 39 12 14 16 18 21 26 29 33 37 39 
20 22 25 27 30 0 0 0 0 0 26 29 33 37 40 9 10 12 14 16 27 30 34 38 40 9 10 12 13 16 8 9 10 11 12 17 19 22 24 27 20 22 25 27 31 
12 14 16 18 19 22 25 28 30 35 12 14 16 17 19 12 13 15 17 20 23 26 29 31 35 13 15 17 19 20 24 27 30 34 36 23 26 29 32 34 0 0 0 0 0 
0 0 0 0 0 24 27 30 33 36 10 11 13 15 15 12 13 15 16 20 17 19 22 24 28 16 18 21 24 27 20 23 26 28 33 20 23 26 28 31 19 21 24 26 29 
22 25 28 31 35 0 0 0 0 0 12 13 15 16 18 14 16 18 20 23 24 27 30 33 37 23 26 29 31 35 16 18 21 24 27 15 17 19 21 24 19 21 24 27 28 
19 21 24 26 30 12 13 15 17 20 14 16 18 19 22 20 23 26 28 32 17 19 22 24 26 18 20 23 26 27 12 13 15 17 19 0 0 0 0 0 20 22 25 28 32 
4 1073 4
20 22 25 28 32 20 22 25 27 30 17 19 22 25 28 16 18 20 22 25 27 30 34 37 40 12 13 15 17 19 0 0 0 0 0 24 27 31 34 37 12 14 16 18 20 
27 30 34 38 40 0 0 0 0 0 14 16 18 19 21 20 22 25 27 31 20 23 26 28 32 22 25 28 30 33 27 30 34 38 42 19 21 24 27 28 8 9 10 11 13 
24 27 31 34 38 12 14 16 17 19 0 0 0 0 0 22 25 28 30 35 8 9 11 13 14 10 11 13 14 16 20 22 25 28 31 27 30 34 38 41 24 27 31 34 39 
15 17 19 21 23 24 27 31 34 37 18 20 23 26 27 20 22 25 28 31 11 12 14 16 18 19 21 24 26 30 24 27 30 33 37 24 27 30 33 38 0 0 0 0 0 
5 2636 7
12 13 15 17 18 18 20 23 26 29 14 16 18 19 22 20 23 26 29 33 16 18 21 24 27 25 28 32 36 39 0 0 0 0 0 17 19 22 24 27 24 27 31 35 38 
25 28 32 36 40 13 15 17 18 21 19 21 24 26 28 0 0 0 0 0 24 27 31 35 38 24 27 30 34 38 15 17 19 20 24 27 30 34 37 42 18 20 23 26 28 
15 17 19 20 24 22 25 28 30 33 9 10 12 13 15 0 0 0 0 0 18 20 23 26 29 9 10 12 13 14 17 19 22 24 27 17 19 22 24 28 24 27 30 33 37 
22 25 28 31 33 0 0 0 0 0 22 25 28 30 35 18 20 23 26 27 20 23 26 28 31 21 24 27 30 33 25 28 32 35 38 20 23 26 28 32 14 16 18 20 21 
11 12 14 16 18 0 0 0 0 0 18 20 23 26 28 27 30 34 38 41 18 20 23 25 27 16 18 21 24 25 19 21 24 27 30 8 9 11 12 14 18 20 23 25 27 
8 9 10 12 14 17 19 22 25 28 21 24 27 30 33 0 0 0 0 0 16 18 21 24 25 12 14 16 17 21 9 10 12 13 16 21 24 27 30 32 20 23 26 29 32 
27 30 34 38 40 10 11 13 14 16 15 17 19 20 24 20 22 25 28 31 16 18 21 24 27 25 28 32 36 40 0 0 0 0 0 22 25 28 30 33 27 30 34 38 41 
6 1713 8
18 20 23 25 29 9 10 12 14 14 0 0 0 0 0 18 20 23 26 29 18 20 23 25 28 24 27 31 34 37 16 18 21 23 27 12 14 16 18 20 19 21 24 27 29 
12 13 15 16 20 12 13 15 16 20 12 13 15 16 19 11 12 14 16 18 25 28 32 35 38 24 27 31 35 39 0 0 0 0 0 18 20 23 26 28 20 22 25 28 32 
14 16 18 20 22 25 28 32 36 38 14 16 18 19 23 24 27 30 34 37 17 19 22 24 28 9 10 12 14 16 25 28 32 36 39 0 0 0 0 0 11 12 14 15 18 
19 21 24 26 29 27 30 34 38 40 10 11 13 14 17 8 9 11 13 14 22 25 28 31 34 21 24 27 29 33 20 22 25 28 31 16 18 21 24 27 0 0 0 0 0 
0 0 0 0 0 23 26 29 32 34 10 11 13 14 17 16 18 20 23 26 20 22 25 27 32 9 10 12 14 16 17 19 22 24 27 26 29 33 37 39 13 15 17 19 21 
20 22 25 28 30 18 20 23 26 28 20 22 25 28 30 0 0 0 0 0 13 15 17 19 21 23 26 29 31 35 27 30 34 38 42 13 15 17 18 22 8 9 10 12 14 
26 29 33 37 39 10 11 13 15 16 11 12 14 15 18 20 22 25 27 30 14 16 18 20 22 24 27 31 34 39 20 23 26 29 32 0 0 0 0 0 26 29 33 37 41 
9 10 12 13 14 0 0 0 0 0 23 26 29 32 34 24 27 30 34 38 26 29 33 36 39 26 29 33 36 39 27 30 34 37 42 18 20 23 25 29 8 9 11 13 13 
7 2638 6
27 30 34 38 42 0 0 0 0 0 12 13 15 17 19 18 20 23 26 27 20 23 26 28 33 20 23 26 29 31 23 26 29 31 35 16 18 21 24 27 22 25 28 31 33 
15 17 19 20 24 22 25 28 31 35 20 22 25 27 30 0 0 0 0 0 12 13 15 16 18 26 29 33 36 41 13 15 17 19 21 24 27 30 33 37 12 13 15 16 20 
0 0 0 0 0 17 19 22 24 27 20 23 26 28 32 17 19 22 24 26 18 20 23 26 28 16 18 21 24 25 10 11 13 14 16 16 18 20 23 25 20 22 25 27 32 
14 16 18 20 22 27 30 34 38 40 15 17 19 21 22 18 20 23 25 27 24 27 31 35 37 15 17 19 20 22 0 0 0 0 0 17 19 22 25 27 25 28 32 35 40 
21 24 27 29 34 12 14 16 18 21 0 0 0 0 0 15 17 19 20 24 17 19 22 24 27 25 28 32 36 38 20 22 25 27 32 12 14 16 18 20 20 23 26 28 31 
21 24 27 30 32 0 0 0 0 0 11 12 14 16 16 14 16 18 20 23 21 24 27 29 34 25 28 32 35 40 24 27 31 34 39 24 27 30 33 38 20 22 25 28 30 
8 2181 6
20 23 26 29 33 18 20 23 26 28 0 0 0 0 0 11 12 14 16 18 8 9 11 13 13 21 24 27 29 34 17 19 22 25 28 20 23 26 29 33 21 24 27 30 33 
23 26 29 31 34 25 28 32 35 39 26 29 33 36 41 26 29 33 37 40 20 23 26 28 32 17 19 22 25 27 25 28 32 36 40 0 0 0 0 0 26 29 33 37 39 
24 27 30 34 36 0 0 0 0 0 11 12 14 16 17 20 23 26 29 32 22 25 28 31 33 11 12 14 16 17 25 28 32 36 38 12 13 15 17 20 14 16 18 20 22 
0 0 0 0 0 12 13 15 16 18 14 16 18 20 21 23 26 29 32 36 15 17 19 21 23 13 15 17 18 22 20 22 25 27 32 20 22 25 27 32 20 23 26 29 31 
23 26 29 31 34 21 24 27 30 34 0 0 0 0 0 16 18 21 24 25 16 18 21 24 27 15 17 19 21 23 27 30 34 38 40 27 30 34 38 42 14 16 18 20 22 
27 30 34 37 42 25 28 32 36 40 16 18 21 24 26 14 16 18 20 22 16 18 20 23 24 18 20 23 25 29 0 0 0 0 0 22 25 28 30 34 17 19 22 24 28 
9 2359 8
18 20 23 26 28 8 9 11 12 15 16 18 20 22 24 19 21 24 27 30 18 20 23 25 27 0 0 0 0 0 16 18 20 22 26 20 22 25 27 30 10 11 13 15 16 
9 10 12 14 16 26 29 33 36 41 18 20 23 25 29 20 22 25 27 32 13 15 17 18 20 0 0 0 0 0 8 9 10 11 12 10 11 13 15 17 24 27 30 33 37 
13 15 17 19 22 10 11 13 15 17 16 18 20 22 26 22 25 28 30 33 22 25 28 31 35 21 24 27 30 32 0 0 0 0 0 27 30 34 37 41 17 19 22 25 26 
20 23 26 29 32 15 17 19 20 23 19 21 24 27 28 14 16 18 19 22 16 18 21 23 25 14 16 18 19 21 24 27 30 34 37 22 25 28 31 33 0 0 0 0 0 
9 10 12 13 16 8 9 11 13 13 25 28 32 35 39 20 22 25 27 30 8 9 11 13 15 0 0 0 0 0 13 15 17 19 20 17 19 22 24 26 12 13 15 17 18 
20 22 25 28 32 24 27 30 34 38 14 16 18 20 23 0 0 0 0 0 15 17 19 21 24 16 18 21 24 27 11 12 14 16 17 25 28 32 36 40 24 27 30 33 38 
20 22 25 28 31 27 30 34 38 41 27 30 34 37 42 0 0 0 0 0 26 29 33 36 41 20 22 25 27 32 8 9 11 12 14 20 22 25 27 32 15 17 19 21 24 
25 28 32 35 40 24 27 31 34 39 20 23 26 28 32 10 11 13 14 16 0 0 0 0 0 24 27 30 34 36 26 29 33 36 40 13 15 17 18 21 24 27 30 33 36 
10 1770 8
16 18 20 22 26 25 28 32 35 39 20 23 26 29 32 24 27 31 35 37 0 0 0 0 0 20 23 26 28 31 16 18 21 23 26 22 25 28 31 33 21 24 27 30 34 
18 20 23 25 28 17 19 22 25 28 0 0 0 0 0 14 16 18 19 23 13 15 17 18 22 17 19 22 24 28 20 23 26 29 32 22 25 28 30 34 19 21 24 27 28 
24 27 30 34 37 27 30 34 37 42 14 16 18 20 22 10 11 13 15 17 11 12 14 15 16 23 26 29 32 35 0 0 0 0 0 22 25 28 30 34 13 15 17 19 20 
8 9 10 12 13 16 18 21 23 27 12 13 15 16 19 0 0 0 0 0 20 22 25 27 31 20 23 26 28 32 24 27 31 35 37 11 12 14 16 17 15 17 19 20 24 
8 9 10 11 12 22 25 28 30 33 24 27 30 34 36 16 18 21 24 25 14 16 18 20 23 20 23 26 28 31 22 25 28 30 34 9 10 12 13 14 0 0 0 0 0 
14 16 18 20 22 21 24 27 29 33 20 22 25 28 31 16 18 21 23 27 12 14 16 18 19 26 29 33 37 39 27 30 34 38 40 16 18 20 22 24 0 0 0 0 0 
23 26 29 32 34 0 0 0 0 0 24 27 30 33 36 17 19 22 25 28 13 15 17 19 21 16 18 20 23 25 8 9 10 12 14 9 10 12 14 15 25 28 32 36 39 
24 27 30 33 36 17 19 22 25 27 9 10 12 13 16 0 0 0 0 0 8 9 10 12 14 9 10 12 13 16 13 15 17 19 20 24 27 31 34 37 23 26 29 31 34 
11 2200 4
26 29 33 36 39 25 28 32 36 39 12 13 15 17 18 20 22 25 27 31 20 23 26 28 33 25 28 32 35 38 20 22 25 28 30 0 0 0 0 0 20 23 26 28 32 
8 9 10 12 12 16 18 20 23 25 0 0 0 0 0 20 23 26 28 31 20 23 26 29 33 11 12 14 16 16 19 21 24 27 29 21 24 27 29 32 15 17 19 21 23 
21 24 27 29 33 24 27 31 35 39 0 0 0 0 0 21 24 27 30 33 15 17 19 20 22 16 18 21 24 26 16 18 20 22 24 21 24 27 30 33 24 27 31 34 38 
13 15 17 18 21 25 28 32 35 40 16 18 20 23 24 8 9 11 13 14 10 11 13 14 16 16 18 20 23 26 23 26 29 32 36 0 0 0 0 0 13 15 17 19 20 
12 1887 4
26 29 33 37 41 12 13 15 17 20 13 15 17 19 21 22 25 28 31 34 18 20 23 26 27 23 26 29 31 34 17 19 22 25 26 0 0 0 0 0 8 9 10 11 14 
14 16 18 19 23 22 25 28 31 34 10 11 13 14 16 16 18 21 23 25 26 29 33 37 40 16 18 20 22 24 12 13 15 16 18 0 0 0 0 0 17 19 22 25 27 
22 25 28 30 35 12 14 16 17 21 26 29 33 36 39 26 29 33 36 41 18 20 23 25 29 20 22 25 27 30 23 26 29 31 34 0 0 0 0 0 27 30 34 37 42 
20 23 26 29 32 8 9 11 13 15 27 30 34 37 41 0 0 0 0 0 12 13 15 16 18 11 12 14 15 16 15 17 19 21 24 9 10 12 14 16 20 22 25 27 31 
13 2344 6
12 14 16 18 21 15 17 19 21 23 12 14 16 18 20 19 21 24 26 29 14 16 18 19 23 15 17 19 20 22 0 0 0 0 0 12 14 16 18 21 18 20 23 26 28 
27 30 34 38 40 9 10 12 14 14 0 0 0 0 0 27 30 34 38 41 11 12 14 16 17 20 23 26 29 32 18 20 23 26 29 27 30 34 37 41 12 14 16 18 21 
13 15 17 19 20 20 23 26 29 33 26 29 33 37 41 10 11 13 15 15 24 27 30 34 38 10 11 13 15 16 25 28 32 36 40 22 25 28 31 33 0 0 0 0 0 
9 10 12 13 16 0 0 0 0 0 23 26 29 31 35 13 15 17 19 21 12 14 16 17 20 16 18 20 23 25 22 25 28 31 33 22 25 28 30 35 14 16 18 20 22 
22 25 28 31 34 18 20 23 25 27 25 28 32 36 39 25 28 32 36 39 16 18 20 23 25 0 0 0 0 0 15 17 19 20 22 10 11 13 14 15 26 29 33 36 40 
0 0 0 0 0 23 26 29 32 35 11 12 14 15 16 18 20 23 25 29 11 12 14 15 16 17 19 22 24 28 25 28 32 35 38 8 9 10 11 12 16 18 20 22 24 
14 1070 5
15 17 19 20 24 25 28 32 35 39 24 27 30 33 38 18 20 23 26 29 23 26 29 31 36 20 23 26 28 32 21 24 27 30 32 22 25 28 30 33 0 0 0 0 0 
26 29 33 37 41 19 21 24 27 28 20 23 26 29 32 20 22 25 28 30 25 28 32 36 39 0 0 0 0 0 8 9 11 13 15 27 30 34 38 40 17 19 22 25 28 
23 26 29 32 35 20 23 26 28 32 24 27 30 33 37 0 0 0 0 0 16 18 20 22 26 8 9 11 12 15 13 15 17 18 21 12 14 16 18 20 14 16 18 19 21 
22 25 28 31 33 0 0 0 0 0 13 15 17 18 22 8 9 10 12 12 24 27 30 33 37 17 19 22 24 28 16 18 21 24 25 22 25 28 31 34 8 9 10 11 13 
19 21 24 26 30 15 17 19 20 22 16 18 20 22 26 11 12 14 15 18 20 23 26 29 31 16 18 20 23 26 0 0 0 0 0 14 16 18 19 23 16 18 21 24 27 
15 2566 8
21 24 27 30 32 20 23 26 29 33 20 22 25 27 31 0 0 0 0 0 19 21 24 27 28 11 12 14 16 18 17 19 22 24 26 16 18 21 24 26 20 23 26 29 33 
12 13 15 17 18 23 26 29 32 35 27 30 34 37 40 26 29 33 37 41 25 28 32 36 40 24 27 31 35 39 0 0 0 0 0 12 14 16 18 21 15 17 19 20 24 
24 27 30 33 37 12 13 15 16 19 24 27 31 34 37 25 28 32 36 40 12 14 16 17 20 0 0 0 0 0 17 19 22 25 26 24 27 31 34 38 22 25 28 30 34 
20 22 25 27 30 8 9 11 13 14 17 19 22 24 26 19 21 24 26 30 14 16 18 19 21 24 27 30 33 36 15 17 19 20 22 0 0 0 0 0 23 26 29 31 35 
15 17 19 20 23 16 18 20 22 26 16 18 20 22 26 0 0 0 0 0 16 18 21 24 25 21 24 27 29 34 11 12 14 16 16 16 18 21 23 25 8 9 10 12 13 
18 20 23 26 29 22 25 28 30 35 0 0 0 0 0 15 17 19 20 24 12 13 15 17 18 9 10 12 14 16 27 30 34 37 41 13 15 17 18 20 22 25 28 31 34 
24 27 30 34 36 9 10 12 14 16 25 28 32 35 38 24 27 30 33 37 23 26 29 32 36 25 28 32 36 39 0 0 0 0 0 22 25 28 30 33 26 29 33 37 41 
8 9 10 11 12 14 16 18 20 23 19 21 24 27 29 0 0 0 0 0 23 26 29 31 36 8 9 10 12 12 12 14 16 18 19 21 24 27 30 34 16 18 20 22 24 
16 1676 4
20 22 25 27 31 24 27 30 34 37 15 17 19 21 24 9 10 12 13 15 23 26 29 31 34 23 26 29 32 34 26 29 33 37 41 23 26 29 31 35 0 0 0 0 0 
26 29 33 37 39 8 9 10 12 12 20 23 26 28 32 17 19 22 25 28 0 0 0 0 0 24 27 31 35 39 10 11 13 14 16 16 18 21 24 26 12 14 16 18 20 
11 12 14 16 18 13 15 17 19 22 8 9 10 12 14 0 0 0 0 0 9 10 12 14 14 16 18 21 23 25 16 18 21 23 26 24 27 30 33 37 24 27 30 33 38 
20 23 26 29 31 24 27 30 33 37 11 12 14 16 18 25 28 32 36 38 20 22 25 28 31 23 26 29 31 34 0 0 0 0 0 27 30 34 37 40 8 9 11 13 13 
17 1984 4
10 11 13 14 16 22 25 28 31 33 12 13 15 16 18 25 28 32 36 40 0 0 0 0 0 22 25 28 30 35 12 13 15 16 18 26 29 33 37 39 24 27 31 34 37 
26 29 33 36 41 15 17 19 20 24 20 23 26 28 33 24 27 31 35 38 11 12 14 15 16 10 11 13 14 15 17 19 22 25 26 17 19 22 24 27 0 0 0 0 0 
10 11 13 14 15 17 19 22 24 26 16 18 20 22 26 24 27 31 34 38 0 0 0 0 0 22 25 28 31 33 14 16 18 20 21 25 28 32 36 39 13 15 17 19 20 
15 17 19 21 23 0 0 0 0 0 12 13 15 16 19 17 19 22 24 27 19 21 24 26 28 25 28 32 35 38 13 15 17 18 22 25 28 32 35 39 12 13 15 17 19 
18 1889 4
24 27 31 34 38 0 0 0 0 0 26 29 33 37 40 25 28 32 36 38 25 28 32 36 39 21 24 27 30 32 23 26 29 31 36 21 24 27 29 34 11 12 14 16 16 
24 27 30 33 37 23 26 29 31 34 24 27 30 34 36 24 27 30 34 37 20 22 25 27 32 13 15 17 18 22 9 10 12 14 14 12 14 16 17 20 0 0 0 0 0 
20 22 25 27 31 26 29 33 37 39 25 28 32 36 40 22 25 28 30 35 0 0 0 0 0 21 24 27 30 32 19 21 24 26 28 23 26 29 32 35 11 12 14 16 17 
9 10 12 14 16 20 22 25 27 32 22 25 28 30 33 18 20 23 25 29 16 18 20 23 25 0 0 0 0 0 18 20 23 25 28 26 29 33 37 40 16 18 20 23 24 
19 2037 5
0 0 0 0 0 14 16 18 20 23 16 18 21 24 27 14 16 18 20 21 20 23 26 29 31 26 29 33 36 40 27 30 34 37 41 21 24 27 30 33 23 26 29 31 34 
0 0 0 0 0 19 21 24 27 28 8 9 11 12 15 11 12 14 16 16 16 18 20 22 25 13 15 17 19 21 8 9 11 12 13 17 19 22 24 27 14 16 18 19 23 
16 18 20 23 26 13 15 17 19 22 16 18 20 23 25 0 0 0 0 0 10 11 13 14 17 21 24 27 29 33 26 29 33 37 39 13 15 17 19 20 12 14 16 17 19 
27 30 34 38 41 8 9 10 11 12 16 18 20 23 26 13 15 17 18 20 20 22 25 27 31 20 23 26 28 31 24 27 30 33 36 20 22 25 28 32 0 0 0 0 0 
14 16 18 20 21 15 17 19 20 23 20 22 25 28 31 8 9 10 12 12 8 9 10 11 12 20 23 26 28 31 0 0 0 0 0 10 11 13 14 17 20 23 26 29 33 
20 1413 6
14 16 18 20 22 18 20 23 25 29 17 19 22 24 26 0 0 0 0 0 17 19 22 25 28 8 9 10 11 14 23 26 29 31 35 8 9 10 11 13 12 14 16 17 20 
0 0 0 0 0 15 17 19 21 24 19 21 24 27 28 24 27 31 35 37 18 20 23 26 28 21 24 27 29 33 8 9 11 13 13 20 22 25 27 30 20 22 25 27 30 
27 30 34 37 40 10 11 13 15 16 0 0 0 0 0 16 18 20 22 24 8 9 10 11 13 11 12 14 15 18 23 26 29 32 34 20 23 26 28 32 22 25 28 30 34 
18 20 23 26 29 9 10 12 14 16 19 21 24 27 29 0 0 0 0 0 10 11 13 14 17 25 28 32 35 38 18 20 23 26 28 21 24 27 29 34 17 19 22 24 26 
23 26 29 32 35 0 0 0 0 0 13 15 17 18 21 12 14 16 17 19 18 20 23 26 27 21 24 27 30 33 20 22 25 28 32 27 30 34 37 40 20 23 26 28 33 
20 22 25 27 32 16 18 20 23 26 13 15 17 18 20 8 9 11 12 15 21 24 27 29 33 0 0 0 0 0 17 19 22 25 27 8 9 11 13 15 8 9 10 11 14 
21 2634 8
8 9 11 13 14 16 18 20 22 26 8 9 10 11 12 19 21 24 27 29 14 16 18 20 23 19 21 24 27 28 17 19 22 25 27 0 0 0 0 0 16 18 20 23 26 
21 24 27 29 33 19 21 24 27 30 20 22 25 28 32 0 0 0 0 0 14 16 18 19 22 8 9 11 12 15 25 28 32 35 40 20 23 26 28 31 20 23 26 29 32 
19 21 24 26 28 15 17 19 21 22 21 24 27 29 34 26 29 33 36 41 24 27 31 34 38 14 16 18 20 23 15 17 19 20 24 0 0 0 0 0 14 16 18 20 23 
0 0 0 0 0 17 19 22 24 28 12 13 15 17 20 16 18 20 23 26 8 9 11 13 14 25 28 32 35 38 20 22 25 27 31 21 24 27 29 33 27 30 34 37 41 
27 30 34 38 40 12 14 16 17 19 27 30 34 37 41 13 15 17 19 22 9 10 12 13 16 21 24 27 29 33 27 30 34 38 42 12 14 16 17 20 0 0 0 0 0 
24 27 31 35 37 22 25 28 30 33 8 9 11 12 15 21 24 27 29 33 21 24 27 30 32 21 24 27 30 33 0 0 0 0 0 18 20 23 25 27 11 12 14 16 17 
24 27 30 34 36 20 22 25 27 31 16 18 20 22 26 8 9 11 13 13 16 18 21 24 25 0 0 0 0 0 23 26 29 31 34 19 21 24 26 29 12 14 16 18 21 
20 23 26 28 31 19 21 24 26 30 18 20 23 25 28 18 20 23 25 28 20 23 26 29 31 0 0 0 0 0 8 9 11 12 15 23 26 29 31 35 18 20 23 25 28 
22 1394 8
13 15 17 19 22 15 17 19 20 24 10 11 13 15 15 8 9 11 12 13 8 9 10 12 12 22 25 28 30 33 16 18 21 24 27 23 26 29 31 35 0 0 0 0 0 
27 30 34 38 41 20 23 26 28 33 16 18 20 22 25 0 0 0 0 0 21 24 27 29 32 18 20 23 25 28 12 14 16 17 20 18 20 23 25 27 25 28 32 35 38 
12 13 15 16 20 20 22 25 27 32 13 15 17 18 22 0 0 0 0 0 18 20 23 25 28 19 21 24 26 30 24 27 30 34 37 17 19 22 25 26 14 16 18 19 23 
12 14 16 18 20 8 9 10 11 14 17 19 22 24 27 16 18 21 23 26 8 9 10 11 13 0 0 0 0 0 20 22 25 28 31 8 9 10 11 14 14 16 18 20 21 
18 20 23 25 29 21 24 27 29 32 9 10 12 13 15 17 19 22 24 27 21 24 27 30 33 8 9 10 12 12 23 26 29 31 36 0 0 0 0 0 25 28 32 36 39 
25 28 32 36 38 8 9 11 12 13 0 0 0 0 0 15 17 19 20 23 15 17 19 20 23 27 30 34 37 40 20 23 26 28 31 24 27 30 33 36 26 29 33 37 39 
0 0 0 0 0 20 23 26 28 32 22 25 28 31 34 13 15 17 19 21 25 28 32 35 39 27 30 34 37 40 16 18 20 23 26 19 21 24 26 29 8 9 10 12 14 
0 0 0 0 0 24 27 30 34 36 21 24 27 30 33 22 25 28 30 34 9 10 12 14 14 14 16 18 20 22 8 9 10 12 12 17 19 22 24 27 12 14 16 18 21 
23 1726 4
25 28 32 36 39 23 26 29 31 35 14 16 18 20 23 0 0 0 0 0 8 9 11 13 13 9 10 12 14 14 18 20 23 26 28 22 25 28 30 35 12 13 15 17 18 
16 18 20 22 26 20 22 25 28 31 16 18 20 22 24 0 0 0 0 0 21 24 27 29 33 20 22 25 28 31 24 27 30 33 36 8 9 11 12 15 23 26 29 32 36 
19 21 24 27 29 19 21 24 26 29 8 9 11 12 14 26 29 33 37 41 24 27 31 34 39 0 0 0 0 0 16 18 21 24 27 22 25 28 31 33 20 22 25 28 31 
19 21 24 27 29 8 9 11 12 13 0 0 0 0 0 8 9 10 12 14 25 28 32 35 40 25 28 32 35 39 16 18 21 24 25 23 26 29 32 35 24 27 30 33 37 
24 1692 7
18 20 23 26 27 14 16 18 19 21 14 16 18 19 21 24 27 31 35 38 16 18 20 22 26 23 26 29 32 34 24 27 30 34 37 16 18 20 23 24 0 0 0 0 0 
19 21 24 26 30 0 0 0 0 0 12 14 16 17 20 8 9 10 12 12 24 27 31 35 39 24 27 31 34 39 9 10 12 13 14 20 23 26 29 33 27 30 34 37 42 
0 0 0 0 0 16 18 21 23 27 15 17 19 21 22 12 14 16 18 20 18 20 23 26 29 24 27 31 34 39 27 30 34 38 42 20 22 25 27 31 24 27 30 33 38 
12 14 16 18 21 19 21 24 27 29 16 18 21 24 25 9 10 12 14 15 18 20 23 26 28 8 9 11 13 13 11 12 14 15 18 20 23 26 29 32 0 0 0 0 0 
22 25 28 30 33 19 21 24 26 29 22 25 28 31 33 12 14 16 17 20 0 0 0 0 0 10 11 13 14 15 16 18 20 23 26 24 27 31 35 38 20 22 25 27 31 
26 29 33 37 40 8 9 10 11 14 12 13 15 16 18 20 22 25 27 30 0 0 0 0 0 16 18 20 23 24 15 17 19 21 23 8 9 10 11 14 23 26 29 31 34 
24 27 30 33 37 0 0 0 0 0 10 11 13 14 15 19 21 24 27 30 17 19 22 24 28 26 29 33 37 40 19 21 24 26 28 27 30 34 38 41 20 23 26 28 31 
25 2499 7
22 25 28 31 33 10 11 13 15 15 0 0 0 0 0 11 12 14 16 16 13 15 17 19 21 14 16 18 20 22 13 15 17 19 20 13 15 17 19 21 19 21 24 27 30 
12 14 16 17 21 16 18 21 23 27 12 14 16 17 21 20 22 25 28 30 21 24 27 30 34 25 28 32 36 39 15 17 19 21 23 0 0 0 0 0 12 14 16 17 19 
13 15 17 19 20 24 27 30 33 38 12 13 15 16 18 24 27 31 35 39 0 0 0 0 0 22 25 28 31 34 14 16 18 20 21 25 28 32 36 39 11 12 14 16 17 
27 30 34 38 42 25 28 32 35 39 11 12 14 15 16 0 0 0 0 0 23 26 29 31 34 22 25 28 30 35 17 19 22 24 28 9 10 12 13 14 16 18 21 23 26 
9 10 12 14 14 21 24 27 29 33 16 18 21 23 25 20 23 26 28 31 14 16 18 19 23 11 12 14 15 18 11 12 14 15 17 27 30 34 38 42 0 0 0 0 0 
22 25 28 31 33 0 0 0 0 0 8 9 10 12 14 17 19 22 24 27 15 17 19 20 24 16 18 21 24 27 18 20 23 25 28 26 29 33 37 39 10 11 13 14 17 
12 14 16 17 20 24 27 31 34 38 20 22 25 27 31 8 9 10 11 12 24 27 31 34 39 0 0 0 0 0 12 14 16 18 19 11 12 14 16 17 15 17 19 20 24 
26 1857 4
24 27 30 33 38 19 21 24 26 28 24 27 31 35 39 17 19 22 24 28 0 0 0 0 0 19 21 24 26 30 17 19 22 25 27 22 25 28 30 34 13 15 17 19 21 
10 11 13 15 17 15 17 19 20 22 16 18 20 22 24 14 16 18 19 23 16 18 21 23 27 0 0 0 0 0 23 26 29 31 34 9 10 12 14 14 24 27 30 34 37 
0 0 0 0 0 19 21 24 27 29 11 12 14 16 16 15 17 19 21 24 27 30 34 37 41 13 15 17 18 21 14 16 18 19 21 19 21 24 27 30 14 16 18 20 23 
24 27 31 35 37 26 29 33 36 41 10 11 13 14 15 20 23 26 29 33 14 16 18 20 22 8 9 10 12 12 19 21 24 26 29 25 28 32 36 40 0 0 0 0 0 
27 2834 4
13 15 17 19 20 20 23 26 28 31 24 27 30 34 38 8 9 10 11 13 23 26 29 31 34 19 21 24 27 30 0 0 0 0 0 12 14 16 18 21 17 19 22 25 27 
20 23 26 29 31 17 19 22 24 26 14 16 18 20 23 22 25 28 31 35 0 0 0 0 0 20 23 26 29 32 10 11 13 15 16 27 30 34 37 40 13 15 17 19 20 
12 14 16 17 19 15 17 19 20 22 9 10 12 14 14 21 24 27 29 32 23 26 29 32 34 20 22 25 27 32 0 0 0 0 0 20 22 25 28 32 24 27 30 34 37 
0 0 0 0 0 12 14 16 17 20 19 21 24 27 28 24 27 31 35 37 26 29 33 37 41 26 29 33 37 40 19 21 24 27 29 8 9 10 12 13 27 30 34 37 42 
28 1423 5
12 13 15 16 18 20 22 25 28 32 26 29 33 36 39 21 24 27 30 34 24 27 30 33 36 20 23 26 28 33 12 14 16 17 20 11 12 14 15 18 0 0 0 0 0 
8 9 11 13 13 27 30 34 38 42 26 29 33 37 40 8 9 10 11 12 18 20 23 26 28 24 27 31 34 38 0 0 0 0 0 26 29 33 37 39 17 19 22 24 27 
13 15 17 19 21 24 27 30 33 37 10 11 13 14 17 11 12 14 15 16 0 0 0 0 0 24 27 31 35 38 11 12 14 15 16 16 18 21 23 25 9 10 12 13 15 
13 15 17 19 22 12 13 15 16 18 22 25 28 30 35 19 21 24 27 29 16 18 20 23 26 10 11 13 14 15 0 0 0 0 0 13 15 17 19 22 9 10 12 14 15 
16 18 21 23 27 0 0 0 0 0 19 21 24 26 30 12 13 15 17 20 13 15 17 19 20 24 27 31 35 39 10 11 13 15 15 17 19 22 24 27 24 27 30 34 38 
29 2907 8
0 0 0 0 0 10 11 13 14 17 24 27 30 34 36 12 13 15 16 18 23 26 29 31 34 21 24 27 30 33 19 21 24 26 29 24 27 30 33 37 25 28 32 36 38 
21 24 27 29 34 10 11 13 15 15 16 18 21 23 26 16 18 21 23 26 22 25 28 31 35 15 17 19 20 24 19 21 24 27 29 0 0 0 0 0 25 28 32 35 38 
12 13 15 17 18 0 0 0 0 0 26 29 33 36 41 20 23 26 29 31 20 22 25 28 32 22 25 28 31 34 14 16 18 20 21 26 29 33 36 39 10 11 13 15 16 
13 15 17 19 22 17 19 22 25 27 19 21 24 26 29 26 29 33 36 41 22 25 28 30 34 20 22 25 27 30 12 14 16 17 20 23 26 29 32 36 0 0 0 0 0 
10 11 13 15 17 24 27 31 34 37 21 24 27 30 32 15 17 19 21 24 16 18 20 22 26 13 15 17 18 22 22 25 28 30 33 0 0 0 0 0 24 27 31 35 38 
0 0 0 0 0 26 29 33 37 41 13 15 17 19 22 21 24 27 30 33 26 29 33 37 41 19 21 24 27 30 25 28 32 36 40 25 28 32 36 38 27 30 34 38 41 
15 17 19 20 22 19 21 24 26 28 16 18 20 23 26 16 18 20 22 26 8 9 11 12 13 25 28 32 35 39 0 0 0 0 0 8 9 10 11 12 16 18 21 24 26 
14 16 18 20 21 27 30 34 37 42 21 24 27 29 32 25 28 32 36 38 24 27 31 34 39 19 21 24 26 28 8 9 10 11 13 0 0 0 0 0 14 16 18 19 23 
0 1130 216 66 64 
1 1197 178 201 45 
2 1133 33 30 104 
3 1433 130 122 68 
4 1067 33 177 104 
5 1417 195 146 101 
6 1383 158 130 47 
7 1309 198 139 27 
8 1270 105 203 83 
17 50 8000 20000 0.52 0.78 30 5000 750 12500 0.43 0.49 900 10000 9746 5493 21 2.062
