50 8
0 1994 4
20 22 25 28 31 27 30 34 37 41 0 0 0 0 0 10 11 13 14 17 9 10 12 14 15 24 27 31 34 38 15 17 19 21 22 16 18 21 23 26 
0 0 0 0 0 21 24 27 30 34 27 30 34 38 40 23 26 29 31 35 12 14 16 17 19 24 27 30 33 37 21 24 27 30 34 16 18 20 23 25 
19 21 24 27 30 26 29 33 37 39 17 19 22 24 26 18 20 23 26 29 16 18 20 22 26 17 19 22 25 28 0 0 0 0 0 24 27 31 34 38 
8 9 11 13 15 27 30 34 37 42 26 29 33 37 41 13 15 17 19 22 20 22 25 28 30 9 10 12 14 16 0 0 0 0 0 16 18 20 22 25 
1 2318 5
0 0 0 0 0 8 9 10 11 12 24 27 30 33 36 23 26 29 32 35 11 12 14 15 16 18 20 23 26 28 20 22 25 28 31 11 12 14 16 18 
20 23 26 28 31 18 20 23 26 29 15 17 19 21 22 20 22 25 28 32 20 22 25 28 32 0 0 0 0 0 22 25 28 31 35 15 17 19 20 22 
20 22 25 28 31 0 0 0 0 0 8 9 11 13 15 16 18 20 22 25 13 15 17 19 21 19 21 24 26 28 12 14 16 18 21 25 28 32 36 38 
26 29 33 36 39 15 17 19 20 22 24 27 31 35 37 0 0 0 0 0 19 21 24 26 30 12 13 15 17 18 10 11 13 14 17 15 17 19 20 24 
0 0 0 0 0 26 29 33 36 41 26 29 33 37 39 24 27 30 33 36 13 15 17 19 20 25 28 32 35 40 13 15 17 19 20 24 27 31 34 38 
2 2631 5
11 12 14 15 17 12 13 15 17 19 27 30 34 37 41 12 14 16 17 20 11 12 14 15 17 0 0 0 0 0 12 14 16 17 19 24 27 31 34 39 
12 14 16 18 19 0 0 0 0 0 22 25 28 31 35 13 15 17 19 20 17 19 22 24 26 20 22 25 27 30 23 26 29 31 35 12 14 16 18 20 
12 14 16 18 20 12 13 15 16 19 0 0 0 0 0 27 30 34 38 40 15 17 19 20 23 19 21 24 27 28 16 18 20 22 24 12 14 16 17 20 
13 15 17 19 22 0 0 0 0 0 11 12 14 15 18 15 17 19 21 24 23 26 29 31 34 20 23 26 29 31 11 12 14 15 17 16 18 20 23 24 
21 24 27 29 34 24 27 31 34 37 0 0 0 0 0 15 17 19 21 24 10 11 13 15 15 12 13 15 16 20 22 25 28 31 33 18 20 23 25 29 
3 1695 6
22 25 28 31 33 27 30 34 38 41 15 17 19 20 22 16 18 20 22 26 16 18 21 23 27 20 22 25 28 32 11 12 14 15 17 0 0 0 0 0 
24 27 31 34 38 24 27 30 33 38 27 30 34 37 40 0 0 0 0 0 13 15 17 18 20 13 15 17 18 22 12 14 16 17 21 21 24 27 30 33 
0 0 0 0 0 22 25 28 31 35 10 11 13 14 17 23 26 29 31 36 12 14 16 18 19 17 19 22 24 27 22 25 28 31 33 12 13 15 16 20 
14 16 18 19 22 27 30 34 37 40 20 22 25 28 31 25 28 32 36 39 20 23 26 29 33 26 29 33 37 41 22 25 28 31 34 0 0 0 0 0 
12 14 16 17 19 17 19 22 25 28 0 0 0 0 0 22 25 28 30 35 18 20 23 25 29 15 17 19 21 23 25 28 32 35 38 8 9 10 11 13 
12 13 15 17 20 24 27 30 34 37 19 21 24 27 29 8 9 10 12 13 16 18 21 24 27 0 0 0 0 0 21 24 27 29 33 15 17 19 20 24 
4 2652 7
15 17 19 20 23 22 25 28 31 33 16 18 21 24 26 21 24 27 29 33 11 12 14 16 18 8 9 11 12 15 0 0 0 0 0 14 16 18 20 21 
22 25 28 30 33 20 23 26 28 32 23 26 29 32 36 26 29 33 37 41 11 12 14 16 16 11 12 14 15 18 0 0 0 0 0 23 26 29 32 35 
27 30 34 38 40 23 26 29 31 34 8 9 10 11 12 20 22 25 27 30 17 19 22 24 26 20 22 25 28 30 0 0 0 0 0 26 29 33 36 39 
12 13 15 16 19 9 10 12 13 15 17 19 22 24 28 18 20 23 26 27 26 29 33 36 41 13 15 17 19 20 0 0 0 0 0 20 22 25 28 30 
0 0 0 0 0 22 25 28 31 35 23 26 29 32 34 23 26 29 31 34 12 13 15 16 18 20 22 25 28 30 25 28 32 35 40 8 9 11 12 15 
16 18 21 23 26 20 23 26 28 32 23 26 29 31 36 16 18 20 23 26 26 29 33 37 40 0 0 0 0 0 26 29 33 37 40 24 27 30 34 38 
17 19 22 25 27 8 9 11 13 14 16 18 21 23 25 20 23 26 29 32 0 0 0 0 0 8 9 11 12 15 12 13 15 17 18 22 25 28 30 34 
5 1658 4
0 0 0 0 0 16 18 20 22 26 9 10 12 14 16 26 29 33 36 40 12 13 15 17 19 8 9 10 12 12 24 27 30 33 37 20 22 25 28 31 
24 27 30 34 38 8 9 11 12 15 0 0 0 0 0 27 30 34 37 40 9 10 12 13 14 16 18 21 24 27 17 19 22 25 28 24 27 31 35 38 
0 0 0 0 0 21 24 27 30 33 20 23 26 28 32 23 26 29 32 35 26 29 33 36 39 16 18 21 23 25 9 10 12 13 14 8 9 10 12 14 
9 10 12 14 14 26 29 33 36 39 18 20 23 25 27 16 18 20 22 25 8 9 11 13 13 14 16 18 19 22 0 0 0 0 0 12 14 16 17 19 
6 2331 7
18 20 23 25 28 18 20 23 25 29 17 19 22 24 26 27 30 34 37 41 16 18 21 23 27 25 28 32 35 39 8 9 11 12 13 0 0 0 0 0 
12 13 15 16 20 24 27 30 34 36 20 23 26 28 32 8 9 10 11 13 20 22 25 28 30 19 21 24 27 30 9 10 12 14 16 0 0 0 0 0 
26 29 33 37 40 24 27 30 34 38 15 17 19 20 22 9 10 12 14 16 12 14 16 18 19 0 0 0 0 0 9 10 12 14 15 20 22 25 27 30 
14 16 18 20 22 25 28 32 36 40 12 13 15 17 20 18 20 23 25 28 20 23 26 28 33 24 27 30 33 38 0 0 0 0 0 10 11 13 15 15 
13 15 17 18 22 25 28 32 35 39 9 10 12 14 15 0 0 0 0 0 13 15 17 18 22 16 18 20 22 24 16 18 21 23 25 10 11 13 14 17 
21 24 27 29 32 24 27 30 34 37 12 14 16 18 19 13 15 17 18 21 8 9 11 13 13 8 9 10 12 12 0 0 0 0 0 12 13 15 16 18 
21 24 27 30 34 13 15 17 18 20 20 22 25 28 32 24 27 31 34 39 11 12 14 15 18 0 0 0 0 0 18 20 23 26 29 18 20 23 25 29 
7 2406 6
24 27 31 34 38 0 0 0 0 0 17 19 22 25 26 12 14 16 18 19 15 17 19 21 23 13 15 17 19 21 16 18 20 23 26 8 9 11 13 14 
24 27 31 35 37 24 27 31 35 38 25 28 32 36 40 13 15 17 18 22 8 9 10 11 14 12 14 16 17 20 23 26 29 32 35 0 0 0 0 0 
0 0 0 0 0 20 23 26 28 31 12 13 15 17 19 23 26 29 31 36 25 28 32 36 39 8 9 11 12 13 13 15 17 18 22 13 15 17 18 20 
15 17 19 21 22 8 9 11 12 14 25 28 32 35 38 21 24 27 29 34 27 30 34 37 42 0 0 0 0 0 13 15 17 18 22 22 25 28 31 35 
12 14 16 17 20 20 23 26 28 31 23 26 29 31 35 21 24 27 30 34 20 22 25 28 31 17 19 22 24 26 12 13 15 17 20 0 0 0 0 0 
16 18 21 23 27 0 0 0 0 0 16 18 20 23 24 17 19 22 25 26 15 17 19 21 24 24 27 30 33 36 17 19 22 24 26 23 26 29 31 35 
8 2405 6
22 25 28 31 33 16 18 20 23 24 11 12 14 16 16 23 26 29 31 35 27 30 34 37 40 0 0 0 0 0 27 30 34 38 41 25 28 32 36 39 
12 13 15 17 20 20 23 26 28 31 25 28 32 35 38 8 9 10 12 13 20 23 26 28 33 9 10 12 13 14 25 28 32 36 38 0 0 0 0 0 
23 26 29 32 35 10 11 13 15 17 0 0 0 0 0 14 16 18 19 22 23 26 29 31 36 11 12 14 16 17 24 27 31 34 37 8 9 11 13 15 
13 15 17 19 20 20 22 25 28 31 24 27 31 34 39 10 11 13 14 15 0 0 0 0 0 27 30 34 38 41 8 9 11 13 13 20 22 25 27 30 
0 0 0 0 0 13 15 17 19 22 13 15 17 18 20 16 18 20 22 24 12 14 16 17 19 25 28 32 35 38 25 28 32 35 40 12 14 16 17 20 
10 11 13 14 17 0 0 0 0 0 8 9 10 12 13 8 9 11 13 13 18 20 23 25 27 19 21 24 26 30 16 18 21 23 26 12 14 16 17 21 
9 1006 7
8 9 11 12 13 16 18 21 23 26 18 20 23 26 28 18 20 23 26 27 0 0 0 0 0 20 23 26 29 32 12 13 15 16 18 10 11 13 14 17 
8 9 10 11 14 26 29 33 36 39 17 19 22 25 28 27 30 34 38 40 11 12 14 16 16 21 24 27 29 34 0 0 0 0 0 23 26 29 32 34 
11 12 14 15 16 12 13 15 16 20 20 22 25 27 32 10 11 13 14 15 0 0 0 0 0 17 19 22 24 28 19 21 24 26 28 20 22 25 28 30 
9 10 12 13 16 0 0 0 0 0 26 29 33 37 41 18 20 23 26 28 15 17 19 20 23 8 9 11 13 14 20 22 25 28 31 17 19 22 25 27 
8 9 11 13 15 0 0 0 0 0 9 10 12 13 16 14 16 18 19 21 12 13 15 17 20 17 19 22 25 26 27 30 34 38 42 18 20 23 26 28 
24 27 31 35 39 15 17 19 20 22 12 14 16 18 20 0 0 0 0 0 20 22 25 27 31 22 25 28 31 33 15 17 19 20 22 10 11 13 15 15 
0 0 0 0 0 19 21 24 26 29 14 16 18 19 21 10 11 13 15 16 25 28 32 36 40 17 19 22 24 28 22 25 28 30 35 24 27 31 34 37 
10 2347 7
12 14 16 17 19 11 12 14 16 17 0 0 0 0 0 21 24 27 30 33 8 9 10 12 14 27 30 34 37 42 20 22 25 28 31 20 22 25 27 31 
24 27 30 34 37 24 27 31 35 38 16 18 21 24 27 16 18 21 23 26 0 0 0 0 0 26 29 33 36 41 8 9 10 12 14 9 10 12 14 16 
11 12 14 15 18 12 13 15 17 18 22 25 28 30 34 17 19 22 24 26 25 28 32 36 38 15 17 19 20 23 13 15 17 18 20 0 0 0 0 0 
24 27 31 35 37 27 30 34 37 42 20 22 25 28 32 12 14 16 17 21 0 0 0 0 0 22 25 28 30 33 27 30 34 38 40 18 20 23 26 27 
16 18 21 24 27 11 12 14 16 18 16 18 21 23 27 8 9 11 12 13 12 14 16 18 19 10 11 13 14 16 8 9 11 12 15 0 0 0 0 0 
0 0 0 0 0 10 11 13 14 16 21 24 27 30 32 23 26 29 32 35 24 27 30 33 36 23 26 29 31 34 19 21 24 27 30 21 24 27 29 33 
16 18 20 23 25 11 12 14 15 17 12 14 16 17 20 0 0 0 0 0 16 18 20 22 25 16 18 20 22 25 13 15 17 19 21 25 28 32 36 39 
11 1892 7
24 27 30 34 37 21 24 27 30 34 20 23 26 28 31 20 23 26 28 31 24 27 30 34 37 0 0 0 0 0 10 11 13 15 15 12 14 16 17 20 
25 28 32 35 39 8 9 11 12 15 20 23 26 29 31 13 15 17 18 21 0 0 0 0 0 8 9 11 13 13 14 16 18 19 22 10 11 13 15 15 
20 23 26 28 32 12 14 16 18 21 12 13 15 17 20 0 0 0 0 0 21 24 27 29 34 26 29 33 36 41 24 27 30 33 38 24 27 31 35 37 
19 21 24 27 30 21 24 27 30 34 14 16 18 20 23 8 9 10 12 14 0 0 0 0 0 10 11 13 15 16 21 24 27 30 33 15 17 19 21 22 
25 28 32 35 40 24 27 30 33 37 20 22 25 27 30 14 16 18 19 22 12 13 15 17 19 12 14 16 17 21 25 28 32 35 40 0 0 0 0 0 
0 0 0 0 0 26 29 33 37 39 15 17 19 20 24 11 12 14 15 16 11 12 14 16 17 8 9 10 12 12 17 19 22 24 26 26 29 33 36 39 
16 18 20 22 25 25 28 32 35 39 18 20 23 26 29 18 20 23 26 27 24 27 30 34 36 13 15 17 18 22 0 0 0 0 0 11 12 14 16 16 
12 2186 5
10 11 13 15 17 0 0 0 0 0 15 17 19 20 22 8 9 11 13 13 18 20 23 26 27 16 18 20 22 26 8 9 10 11 12 26 29 33 37 40 
0 0 0 0 0 12 14 16 18 20 19 21 24 26 30 16 18 21 23 27 12 13 15 16 18 15 17 19 20 22 25 28 32 36 38 12 14 16 17 19 
16 18 21 23 25 0 0 0 0 0 13 15 17 19 21 26 29 33 37 39 16 18 20 23 26 12 13 15 16 19 14 16 18 20 23 20 22 25 27 32 
24 27 30 33 36 13 15 17 18 22 21 24 27 29 33 20 23 26 28 32 8 9 10 12 13 15 17 19 21 23 0 0 0 0 0 10 11 13 14 16 
25 28 32 36 38 18 20 23 25 28 8 9 11 12 14 21 24 27 29 32 9 10 12 13 16 24 27 30 34 36 15 17 19 20 22 0 0 0 0 0 
13 1420 4
15 17 19 20 24 22 25 28 31 34 25 28 32 36 40 0 0 0 0 0 15 17 19 20 23 19 21 24 27 30 8 9 10 11 13 13 15 17 19 22 
20 23 26 29 32 22 25 28 31 33 24 27 30 33 37 12 13 15 16 18 12 13 15 16 19 24 27 30 33 37 0 0 0 0 0 27 30 34 37 40 
20 23 26 29 32 23 26 29 31 36 24 27 30 34 37 24 27 31 35 37 27 30 34 38 41 0 0 0 0 0 22 25 28 30 34 8 9 10 11 12 
24 27 30 34 36 12 14 16 17 20 20 23 26 28 31 13 15 17 18 20 16 18 20 23 26 19 21 24 26 28 0 0 0 0 0 12 14 16 17 20 
14 1156 6
24 27 30 34 38 15 17 19 20 23 15 17 19 20 23 8 9 11 13 13 14 16 18 19 23 0 0 0 0 0 26 29 33 36 40 14 16 18 20 23 
0 0 0 0 0 18 20 23 26 29 20 22 25 28 32 16 18 21 24 26 8 9 10 12 13 23 26 29 31 34 17 19 22 24 27 21 24 27 29 34 
22 25 28 31 34 0 0 0 0 0 13 15 17 19 21 24 27 30 34 36 16 18 20 23 24 10 11 13 14 16 12 13 15 16 19 22 25 28 31 34 
18 20 23 26 28 27 30 34 37 41 16 18 20 23 26 22 25 28 30 34 0 0 0 0 0 27 30 34 37 41 19 21 24 26 30 13 15 17 19 20 
24 27 30 33 36 26 29 33 37 40 0 0 0 0 0 20 22 25 28 31 13 15 17 18 21 20 23 26 28 31 8 9 11 13 13 9 10 12 13 14 
18 20 23 26 27 20 22 25 28 30 16 18 20 23 26 24 27 31 35 38 21 24 27 29 34 0 0 0 0 0 12 13 15 17 19 10 11 13 14 15 
15 1466 7
21 24 27 30 34 17 19 22 25 26 24 27 30 34 38 24 27 31 35 37 22 25 28 30 33 27 30 34 38 42 0 0 0 0 0 20 23 26 29 31 
0 0 0 0 0 24 27 30 34 38 12 13 15 16 20 20 23 26 28 33 23 26 29 32 35 13 15 17 19 21 20 22 25 27 30 21 24 27 29 32 
0 0 0 0 0 10 11 13 15 15 27 30 34 38 40 11 12 14 15 18 20 22 25 27 31 12 13 15 17 20 25 28 32 36 39 20 22 25 28 32 
24 27 31 35 38 24 27 31 34 37 25 28 32 35 39 24 27 30 33 38 22 25 28 31 35 0 0 0 0 0 9 10 12 13 15 11 12 14 16 18 
21 24 27 29 32 0 0 0 0 0 20 23 26 28 33 11 12 14 16 16 21 24 27 29 33 17 19 22 25 28 27 30 34 37 41 13 15 17 18 21 
11 12 14 15 16 13 15 17 19 20 0 0 0 0 0 24 27 31 34 38 23 26 29 32 35 8 9 11 12 15 20 23 26 29 32 11 12 14 16 16 
16 18 20 22 24 10 11 13 15 17 23 26 29 31 36 0 0 0 0 0 9 10 12 13 16 24 27 31 35 38 16 18 21 24 26 21 24 27 30 34 
16 1237 6
18 20 23 26 27 20 23 26 29 33 12 13 15 16 18 16 18 20 22 25 21 24 27 30 32 10 11 13 15 17 0 0 0 0 0 26 29 33 36 41 
0 0 0 0 0 12 14 16 17 20 26 29 33 37 40 13 15 17 18 22 26 29 33 36 41 10 11 13 15 15 16 18 20 23 25 17 19 22 24 28 
0 0 0 0 0 8 9 10 12 12 27 30 34 38 41 24 27 31 35 37 20 22 25 27 30 25 28 32 35 40 24 27 31 34 39 12 13 15 16 19 
21 24 27 30 32 0 0 0 0 0 24 27 30 34 38 18 20 23 26 28 25 28 32 35 38 22 25 28 30 33 20 22 25 28 30 16 18 21 23 25 
25 28 32 35 40 15 17 19 21 22 9 10 12 14 15 17 19 22 24 27 26 29 33 37 41 0 0 0 0 0 24 27 31 34 38 16 18 20 23 24 
13 15 17 18 21 8 9 10 11 14 0 0 0 0 0 16 18 20 22 26 18 20 23 26 29 10 11 13 15 16 11 12 14 16 16 10 11 13 14 16 
17 2189 8
9 10 12 13 14 12 13 15 16 19 21 24 27 29 32 14 16 18 19 21 9 10 12 14 16 13 15 17 19 22 15 17 19 21 23 0 0 0 0 0 
22 25 28 31 34 9 10 12 13 15 10 11 13 14 17 8 9 11 13 14 21 24 27 29 34 0 0 0 0 0 10 11 13 14 15 11 12 14 16 16 
19 21 24 27 30 25 28 32 36 39 0 0 0 0 0 20 22 25 27 32 17 19 22 24 26 15 17 19 20 22 23 26 29 32 35 17 19 22 25 26 
18 20 23 25 28 20 22 25 27 31 12 13 15 16 20 12 14 16 17 19 17 19 22 25 28 23 26 29 32 35 0 0 0 0 0 8 9 11 13 13 
16 18 21 23 25 8 9 11 13 14 26 29 33 36 40 0 0 0 0 0 17 19 22 24 27 13 15 17 19 21 24 27 30 33 38 17 19 22 25 28 
22 25 28 31 33 26 29 33 36 41 20 22 25 27 32 20 23 26 29 33 0 0 0 0 0 19 21 24 27 29 20 22 25 28 30 14 16 18 19 23 
12 14 16 17 19 11 12 14 15 18 24 27 30 34 36 13 15 17 18 21 10 11 13 15 16 23 26 29 31 34 14 16 18 19 23 0 0 0 0 0 
14 16 18 20 23 13 15 17 18 22 14 16 18 20 23 0 0 0 0 0 17 19 22 25 28 18 20 23 25 29 27 30 34 37 41 26 29 33 37 39 
18 1303 7
11 12 14 15 18 12 14 16 17 19 16 18 21 24 27 23 26 29 31 34 8 9 11 12 13 14 16 18 19 21 0 0 0 0 0 24 27 31 35 39 
16 18 20 22 24 23 26 29 32 35 21 24 27 29 33 18 20 23 25 29 26 29 33 36 40 0 0 0 0 0 17 19 22 24 26 26 29 33 37 39 
27 30 34 38 41 14 16 18 19 21 8 9 11 13 14 17 19 22 24 27 18 20 23 26 27 0 0 0 0 0 10 11 13 14 15 24 27 30 34 38 
8 9 10 11 13 13 15 17 19 20 12 13 15 16 18 0 0 0 0 0 26 29 33 36 41 12 13 15 17 18 19 21 24 27 30 16 18 21 23 27 
16 18 21 23 27 9 10 12 14 14 9 10 12 13 14 17 19 22 25 26 8 9 11 12 13 16 18 20 23 24 12 14 16 18 20 0 0 0 0 0 
22 25 28 31 35 16 18 20 22 26 12 13 15 17 19 0 0 0 0 0 17 19 22 25 27 12 13 15 17 18 16 18 21 23 25 16 18 21 23 26 
21 24 27 30 32 27 30 34 37 40 22 25 28 31 34 15 17 19 21 24 10 11 13 15 15 0 0 0 0 0 8 9 10 12 13 26 29 33 36 41 
19 1067 4
0 0 0 0 0 13 15 17 19 22 10 11 13 15 15 20 23 26 28 31 20 22 25 27 30 27 30 34 37 40 13 15 17 19 20 26 29 33 37 40 
20 22 25 28 31 23 26 29 32 36 8 9 10 11 12 11 12 14 16 16 27 30 34 37 42 0 0 0 0 0 21 24 27 29 34 26 29 33 37 41 
0 0 0 0 0 16 18 21 24 26 12 14 16 18 20 20 23 26 29 33 14 16 18 20 23 9 10 12 13 14 11 12 14 16 16 14 16 18 19 22 
10 11 13 15 16 20 22 25 27 32 24 27 31 35 39 19 21 24 26 30 10 11 13 14 17 13 15 17 19 21 20 23 26 28 32 0 0 0 0 0 
20 1918 6
12 13 15 16 19 17 19 22 24 28 21 24 27 30 34 18 20 23 26 29 0 0 0 0 0 21 24 27 30 33 23 26 29 32 34 22 25 28 31 33 
20 22 25 27 32 8 9 10 12 13 18 20 23 25 27 16 18 20 23 25 0 0 0 0 0 26 29 33 37 41 19 21 24 27 28 14 16 18 19 23 
12 14 16 18 21 22 25 28 30 34 22 25 28 31 34 0 0 0 0 0 15 17 19 21 23 24 27 31 34 37 18 20 23 26 28 19 21 24 26 28 
17 19 22 24 26 18 20 23 25 29 8 9 11 13 15 0 0 0 0 0 12 13 15 16 18 27 30 34 38 41 20 22 25 27 30 13 15 17 19 20 
22 25 28 31 33 21 24 27 29 32 21 24 27 29 32 0 0 0 0 0 25 28 32 35 39 25 28 32 35 40 16 18 21 24 26 16 18 20 23 24 
8 9 10 11 14 16 18 21 24 26 18 20 23 26 27 22 25 28 30 35 17 19 22 25 26 8 9 10 11 12 12 14 16 18 20 0 0 0 0 0 
21 1410 5
9 10 12 14 15 0 0 0 0 0 12 13 15 16 20 16 18 21 24 26 11 12 14 16 16 26 29 33 36 39 11 12 14 15 16 22 25 28 30 34 
20 23 26 29 32 8 9 11 13 14 23 26 29 31 36 12 14 16 17 21 15 17 19 20 22 9 10 12 14 14 18 20 23 25 28 0 0 0 0 0 
19 21 24 27 30 24 27 30 33 38 20 23 26 29 31 12 13 15 16 20 0 0 0 0 0 12 14 16 17 19 22 25 28 30 35 17 19 22 24 27 
23 26 29 32 36 13 15 17 19 20 9 10 12 13 15 0 0 0 0 0 12 13 15 17 19 20 22 25 28 32 22 25 28 30 34 9 10 12 13 16 
16 18 20 22 26 0 0 0 0 0 8 9 10 11 13 17 19 22 25 27 16 18 20 23 26 21 24 27 29 33 19 21 24 27 28 8 9 10 11 13 
22 2741 5
16 18 20 23 25 20 23 26 29 32 17 19 22 24 26 16 18 20 23 25 8 9 10 11 14 0 0 0 0 0 19 21 24 27 30 16 18 21 23 26 
16 18 20 23 25 16 18 21 23 26 0 0 0 0 0 23 26 29 32 36 8 9 11 12 15 20 22 25 28 30 9 10 12 14 14 12 13 15 17 20 
18 20 23 25 28 20 23 26 28 33 8 9 10 11 13 22 25 28 31 33 9 10 12 13 14 23 26 29 31 36 8 9 10 12 14 0 0 0 0 0 
20 22 25 28 30 18 20 23 25 27 26 29 33 36 39 10 11 13 15 16 13 15 17 19 22 16 18 21 23 26 16 18 20 22 24 0 0 0 0 0 
24 27 31 34 39 14 16 18 20 22 0 0 0 0 0 16 18 20 23 24 20 23 26 29 31 16 18 20 22 26 25 28 32 36 39 8 9 11 12 13 
23 1319 8
8 9 10 12 14 0 0 0 0 0 12 13 15 16 19 16 18 21 24 25 20 22 25 27 30 16 18 20 22 25 17 19 22 25 27 19 21 24 27 28 
19 21 24 26 29 16 18 21 23 25 8 9 11 12 13 12 14 16 18 21 26 29 33 36 41 0 0 0 0 0 15 17 19 21 23 27 30 34 38 41 
13 15 17 19 21 19 21 24 26 29 23 26 29 31 36 22 25 28 30 33 20 22 25 27 32 0 0 0 0 0 12 13 15 17 18 20 22 25 28 31 
20 22 25 27 31 18 20 23 26 27 13 15 17 19 22 27 30 34 37 42 12 14 16 18 19 0 0 0 0 0 16 18 21 24 25 25 28 32 36 39 
21 24 27 29 32 9 10 12 13 14 10 11 13 14 17 21 24 27 29 34 0 0 0 0 0 8 9 10 12 13 8 9 10 11 14 20 23 26 29 31 
26 29 33 36 40 0 0 0 0 0 20 23 26 28 32 9 10 12 13 15 23 26 29 32 34 26 29 33 37 41 24 27 30 33 38 14 16 18 20 21 
26 29 33 37 40 24 27 30 34 37 16 18 21 24 27 8 9 10 12 13 19 21 24 27 29 0 0 0 0 0 21 24 27 29 33 13 15 17 18 20 
12 13 15 17 19 21 24 27 29 32 20 23 26 28 31 23 26 29 31 36 0 0 0 0 0 8 9 11 13 13 20 23 26 28 32 12 14 16 17 19 
24 1251 7
10 11 13 14 15 22 25 28 30 35 0 0 0 0 0 21 24 27 30 34 10 11 13 14 17 27 30 34 37 41 10 11 13 14 15 17 19 22 25 27 
12 13 15 17 19 0 0 0 0 0 21 24 27 30 34 26 29 33 36 40 8 9 11 13 14 8 9 11 12 15 9 10 12 13 14 24 27 31 35 38 
17 19 22 25 28 16 18 21 23 27 23 26 29 31 34 0 0 0 0 0 10 11 13 14 16 13 15 17 18 20 18 20 23 25 27 8 9 10 12 12 
13 15 17 19 21 20 22 25 28 31 12 13 15 16 19 14 16 18 20 21 0 0 0 0 0 14 16 18 20 21 17 19 22 24 28 20 22 25 28 30 
20 23 26 28 32 15 17 19 20 22 21 24 27 30 32 0 0 0 0 0 17 19 22 25 27 12 13 15 16 19 24 27 31 34 37 17 19 22 25 28 
18 20 23 26 29 8 9 11 13 14 15 17 19 20 24 19 21 24 27 28 0 0 0 0 0 12 14 16 17 21 19 21 24 27 30 22 25 28 30 33 
18 20 23 25 29 0 0 0 0 0 26 29 33 36 40 23 26 29 32 35 12 13 15 16 18 20 22 25 28 32 20 23 26 29 31 24 27 30 33 38 
25 1291 4
12 13 15 17 20 20 22 25 27 31 27 30 34 37 42 21 24 27 29 32 12 13 15 16 18 16 18 21 23 25 0 0 0 0 0 20 22 25 28 30 
24 27 30 34 37 0 0 0 0 0 22 25 28 31 34 8 9 11 12 13 15 17 19 21 23 9 10 12 13 16 24 27 30 33 38 20 22 25 27 30 
20 22 25 27 31 22 25 28 30 35 11 12 14 15 18 24 27 31 35 39 24 27 31 35 38 0 0 0 0 0 8 9 11 12 13 12 14 16 17 19 
20 22 25 27 30 16 18 20 22 25 27 30 34 38 41 22 25 28 30 35 27 30 34 37 40 12 13 15 17 19 0 0 0 0 0 26 29 33 37 39 
26 1554 7
0 0 0 0 0 10 11 13 14 15 24 27 31 35 37 21 24 27 29 34 17 19 22 24 28 11 12 14 15 17 17 19 22 25 27 24 27 30 34 37 
16 18 20 23 26 13 15 17 19 22 25 28 32 35 38 8 9 10 12 13 0 0 0 0 0 21 24 27 30 34 14 16 18 20 22 24 27 31 35 39 
22 25 28 30 35 27 30 34 38 41 0 0 0 0 0 23 26 29 31 35 26 29 33 36 39 12 14 16 17 19 8 9 11 13 15 25 28 32 36 39 
16 18 21 24 25 26 29 33 37 39 15 17 19 21 23 0 0 0 0 0 18 20 23 25 29 8 9 10 11 14 14 16 18 19 22 25 28 32 35 39 
16 18 20 22 24 13 15 17 19 22 20 23 26 28 31 23 26 29 31 34 12 13 15 17 19 27 30 34 38 40 0 0 0 0 0 16 18 20 23 26 
13 15 17 19 20 17 19 22 24 27 14 16 18 20 21 0 0 0 0 0 17 19 22 24 28 19 21 24 27 29 17 19 22 25 28 27 30 34 37 41 
17 19 22 24 26 15 17 19 20 22 12 14 16 17 20 17 19 22 24 27 15 17 19 20 22 11 12 14 15 17 20 22 25 28 31 0 0 0 0 0 
27 2689 5
21 24 27 29 34 24 27 30 34 38 20 23 26 29 31 24 27 30 34 38 21 24 27 29 34 16 18 20 23 26 0 0 0 0 0 8 9 10 12 12 
20 22 25 28 30 8 9 11 13 14 9 10 12 14 15 26 29 33 36 41 0 0 0 0 0 8 9 11 13 14 23 26 29 31 36 16 18 21 24 27 
22 25 28 31 33 14 16 18 19 22 27 30 34 37 42 8 9 10 11 14 18 20 23 25 27 0 0 0 0 0 20 23 26 29 33 16 18 20 22 26 
26 29 33 36 40 0 0 0 0 0 20 23 26 28 31 15 17 19 21 22 27 30 34 37 41 24 27 30 33 37 16 18 20 22 26 15 17 19 20 23 
16 18 21 23 25 24 27 31 34 39 10 11 13 15 15 0 0 0 0 0 14 16 18 19 22 16 18 21 24 26 23 26 29 32 35 17 19 22 25 26 
28 1307 6
24 27 30 33 38 23 26 29 32 36 13 15 17 19 21 20 22 25 28 30 24 27 31 34 38 0 0 0 0 0 9 10 12 13 15 20 23 26 28 32 
12 13 15 17 19 20 23 26 28 31 12 14 16 17 20 24 27 31 34 37 22 25 28 31 33 27 30 34 38 41 21 24 27 29 33 0 0 0 0 0 
20 23 26 28 32 23 26 29 32 34 22 25 28 31 34 10 11 13 14 16 0 0 0 0 0 11 12 14 16 17 18 20 23 26 28 16 18 20 22 24 
8 9 10 12 12 8 9 10 11 14 0 0 0 0 0 24 27 30 34 37 8 9 11 13 13 10 11 13 15 16 25 28 32 36 40 16 18 21 24 27 
11 12 14 15 17 14 16 18 19 22 14 16 18 20 21 0 0 0 0 0 8 9 11 13 14 16 18 20 23 25 8 9 10 12 12 19 21 24 26 29 
0 0 0 0 0 25 28 32 35 39 21 24 27 30 34 24 27 31 34 37 18 20 23 25 28 12 13 15 16 20 20 23 26 28 33 24 27 30 34 36 
29 1989 8
17 19 22 24 28 16 18 20 23 25 9 10 12 14 14 17 19 22 25 28 11 12 14 16 17 0 0 0 0 0 20 22 25 27 30 20 23 26 29 33 
10 11 13 14 16 19 21 24 26 30 24 27 31 34 38 0 0 0 0 0 24 27 31 35 38 24 27 30 34 38 23 26 29 32 35 11 12 14 15 16 
24 27 31 34 39 12 13 15 17 19 13 15 17 19 21 0 0 0 0 0 16 18 20 23 26 26 29 33 36 40 12 14 16 18 21 12 14 16 17 19 
17 19 22 24 28 12 14 16 18 20 26 29 33 36 39 10 11 13 15 17 13 15 17 18 20 19 21 24 26 28 8 9 11 12 14 0 0 0 0 0 
24 27 30 34 36 15 17 19 21 23 25 28 32 36 40 24 27 31 35 39 12 13 15 16 19 0 0 0 0 0 21 24 27 29 32 12 13 15 16 18 
12 13 15 16 18 15 17 19 21 24 8 9 11 13 15 24 27 31 34 37 0 0 0 0 0 16 18 21 23 27 8 9 11 12 14 26 29 33 36 39 
21 24 27 29 34 12 14 16 17 19 14 16 18 20 22 24 27 30 34 36 12 14 16 17 21 0 0 0 0 0 24 27 30 33 38 14 16 18 20 22 
24 27 30 33 38 9 10 12 14 16 20 23 26 29 32 26 29 33 36 39 24 27 31 35 39 0 0 0 0 0 21 24 27 30 33 14 16 18 19 23 
30 1451 8
11 12 14 16 17 0 0 0 0 0 16 18 21 23 26 12 14 16 18 20 11 12 14 15 16 16 18 20 23 26 20 23 26 29 31 20 22 25 28 32 
12 14 16 17 21 24 27 30 34 36 24 27 30 34 37 19 21 24 27 28 0 0 0 0 0 26 29 33 36 41 12 14 16 17 19 23 26 29 32 35 
16 18 21 24 26 12 13 15 16 19 19 21 24 27 29 9 10 12 14 15 12 14 16 18 21 0 0 0 0 0 21 24 27 30 33 24 27 31 34 38 
22 25 28 31 34 8 9 11 13 14 0 0 0 0 0 15 17 19 20 23 25 28 32 36 39 19 21 24 27 28 23 26 29 31 35 11 12 14 16 18 
27 30 34 37 42 19 21 24 26 29 8 9 10 11 13 8 9 10 11 14 8 9 11 13 15 12 13 15 17 20 0 0 0 0 0 9 10 12 14 14 
24 27 30 33 37 15 17 19 21 24 22 25 28 30 35 16 18 21 24 25 18 20 23 25 29 8 9 10 12 13 0 0 0 0 0 23 26 29 32 36 
14 16 18 20 21 19 21 24 26 28 20 23 26 29 32 22 25 28 30 34 0 0 0 0 0 14 16 18 19 22 8 9 11 13 13 27 30 34 37 40 
17 19 22 25 28 16 18 20 22 24 24 27 31 34 38 0 0 0 0 0 10 11 13 14 17 12 14 16 18 21 11 12 14 15 16 13 15 17 18 21 
31 1368 5
15 17 19 21 23 9 10 12 14 14 22 25 28 31 35 20 23 26 28 32 22 25 28 30 33 11 12 14 16 16 8 9 10 11 14 0 0 0 0 0 
12 14 16 18 19 8 9 11 13 14 20 22 25 27 30 0 0 0 0 0 21 24 27 29 33 9 10 12 13 15 19 21 24 26 30 20 23 26 28 31 
9 10 12 14 14 0 0 0 0 0 12 14 16 18 20 8 9 11 13 13 11 12 14 16 17 16 18 21 24 27 19 21 24 27 29 18 20 23 26 28 
14 16 18 20 21 0 0 0 0 0 18 20 23 26 27 10 11 13 15 15 10 11 13 14 16 8 9 11 12 14 16 18 20 22 24 24 27 31 35 38 
21 24 27 30 34 21 24 27 29 34 14 16 18 20 23 8 9 11 13 15 27 30 34 38 41 20 23 26 28 32 0 0 0 0 0 14 16 18 20 21 
32 1447 7
0 0 0 0 0 17 19 22 25 27 12 14 16 17 21 22 25 28 31 33 18 20 23 26 28 12 13 15 17 20 27 30 34 38 40 20 22 25 27 30 
26 29 33 37 39 24 27 31 35 38 24 27 31 34 38 0 0 0 0 0 8 9 11 13 14 14 16 18 20 21 16 18 20 23 25 20 22 25 27 31 
9 10 12 14 15 20 22 25 27 32 25 28 32 36 39 20 22 25 28 30 14 16 18 20 22 0 0 0 0 0 16 18 21 24 25 23 26 29 32 34 
20 22 25 27 30 21 24 27 30 34 23 26 29 31 34 22 25 28 31 33 0 0 0 0 0 8 9 11 13 14 12 14 16 17 21 12 13 15 16 19 
0 0 0 0 0 16 18 21 24 26 16 18 20 22 26 16 18 20 23 25 12 13 15 16 18 12 14 16 18 21 9 10 12 14 16 10 11 13 14 15 
26 29 33 37 41 10 11 13 15 17 0 0 0 0 0 16 18 21 24 27 13 15 17 18 20 19 21 24 27 28 19 21 24 26 29 26 29 33 36 40 
24 27 31 35 38 17 19 22 25 28 24 27 30 33 38 25 28 32 35 38 25 28 32 36 40 16 18 20 22 25 10 11 13 14 17 0 0 0 0 0 
33 2397 4
8 9 11 12 15 12 14 16 17 20 12 14 16 18 20 15 17 19 20 24 11 12 14 15 16 11 12 14 15 18 0 0 0 0 0 25 28 32 36 38 
24 27 30 34 36 20 23 26 29 31 15 17 19 20 23 25 28 32 36 39 16 18 20 23 25 19 21 24 27 29 17 19 22 24 27 0 0 0 0 0 
25 28 32 36 38 14 16 18 19 22 25 28 32 35 40 17 19 22 25 27 0 0 0 0 0 22 25 28 31 35 26 29 33 37 40 24 27 31 34 39 
0 0 0 0 0 8 9 10 11 14 16 18 20 22 25 20 22 25 27 31 20 23 26 29 33 16 18 20 22 24 25 28 32 35 38 12 14 16 18 19 
34 2936 7
23 26 29 32 36 11 12 14 15 16 11 12 14 16 18 9 10 12 13 16 13 15 17 18 21 0 0 0 0 0 14 16 18 20 23 20 23 26 28 32 
12 13 15 16 18 26 29 33 37 40 10 11 13 14 16 0 0 0 0 0 25 28 32 36 39 24 27 31 35 38 27 30 34 38 40 10 11 13 14 16 
13 15 17 18 21 13 15 17 18 20 14 16 18 20 22 13 15 17 18 21 12 13 15 16 19 18 20 23 26 28 21 24 27 30 33 0 0 0 0 0 
10 11 13 14 16 12 14 16 18 20 27 30 34 37 41 26 29 33 36 40 14 16 18 19 22 9 10 12 14 16 12 14 16 17 21 0 0 0 0 0 
10 11 13 14 16 20 23 26 28 32 12 14 16 17 20 20 22 25 27 32 0 0 0 0 0 27 30 34 38 40 12 14 16 17 19 24 27 30 34 36 
11 12 14 16 17 0 0 0 0 0 8 9 11 13 15 21 24 27 29 34 9 10 12 13 15 11 12 14 16 18 10 11 13 14 15 16 18 20 22 24 
13 15 17 19 20 13 15 17 19 21 8 9 10 12 12 19 21 24 26 28 12 14 16 17 20 26 29 33 37 41 0 0 0 0 0 17 19 22 25 27 
35 2979 4
13 15 17 18 22 26 29 33 37 40 13 15 17 18 22 20 22 25 28 30 17 19 22 25 26 0 0 0 0 0 12 13 15 17 19 15 17 19 21 24 
0 0 0 0 0 22 25 28 30 35 20 22 25 28 30 25 28 32 35 38 25 28 32 36 39 20 22 25 27 30 25 28 32 35 39 13 15 17 19 20 
26 29 33 37 41 12 14 16 17 20 12 13 15 17 19 21 24 27 30 34 15 17 19 20 23 25 28 32 35 39 11 12 14 16 18 0 0 0 0 0 
24 27 30 33 38 25 28 32 35 38 18 20 23 26 29 23 26 29 32 36 17 19 22 25 26 11 12 14 16 16 13 15 17 18 21 0 0 0 0 0 
36 1876 5
16 18 21 23 27 18 20 23 25 28 17 19 22 25 28 15 17 19 21 22 16 18 20 22 25 0 0 0 0 0 20 23 26 28 32 13 15 17 19 22 
8 9 10 12 13 26 29 33 37 39 8 9 10 11 14 0 0 0 0 0 16 18 20 22 25 21 24 27 29 32 14 16 18 19 21 20 23 26 28 33 
15 17 19 20 24 0 0 0 0 0 16 18 20 22 25 16 18 21 24 25 24 27 31 35 39 20 23 26 29 31 19 21 24 26 28 17 19 22 25 28 
17 19 22 24 27 0 0 0 0 0 12 14 16 17 20 16 18 20 23 25 27 30 34 37 42 9 10 12 13 14 10 11 13 15 17 20 23 26 29 31 
13 15 17 18 21 21 24 27 30 32 17 19 22 24 27 12 13 15 16 19 0 0 0 0 0 18 20 23 25 28 12 13 15 17 20 21 24 27 30 34 
37 1834 7
12 14 16 17 19 17 19 22 24 28 18 20 23 26 28 20 23 26 28 31 17 19 22 24 27 0 0 0 0 0 20 23 26 28 33 18 20 23 25 28 
24 27 31 35 38 27 30 34 37 40 16 18 20 22 26 0 0 0 0 0 12 14 16 17 21 16 18 20 22 26 27 30 34 37 42 20 23 26 29 31 
23 26 29 32 34 20 23 26 28 32 24 27 30 33 38 15 17 19 20 24 24 27 31 35 38 0 0 0 0 0 27 30 34 38 42 27 30 34 37 40 
24 27 30 34 37 15 17 19 20 24 11 12 14 16 17 0 0 0 0 0 14 16 18 19 23 9 10 12 13 16 8 9 10 12 13 17 19 22 25 28 
10 11 13 15 15 23 26 29 32 36 0 0 0 0 0 10 11 13 14 16 19 21 24 26 29 20 22 25 28 31 20 23 26 29 31 20 23 26 29 32 
12 14 16 18 21 16 18 21 23 26 16 18 21 23 25 24 27 31 35 39 18 20 23 26 29 16 18 21 24 25 0 0 0 0 0 8 9 11 13 13 
26 29 33 36 41 15 17 19 21 23 0 0 0 0 0 22 25 28 30 34 20 23 26 28 31 19 21 24 26 28 20 22 25 28 31 20 22 25 27 32 
38 1708 6
9 10 12 13 14 16 18 21 24 25 0 0 0 0 0 27 30 34 37 41 14 16 18 19 22 17 19 22 24 28 8 9 10 11 13 15 17 19 20 22 
13 15 17 18 22 17 19 22 24 28 9 10 12 13 15 14 16 18 20 23 20 23 26 29 31 8 9 11 13 15 0 0 0 0 0 9 10 12 14 15 
0 0 0 0 0 22 25 28 30 35 16 18 20 22 24 24 27 31 35 38 23 26 29 32 34 9 10 12 14 16 22 25 28 30 33 21 24 27 29 32 
15 17 19 20 24 19 21 24 26 29 24 27 30 34 38 10 11 13 15 15 24 27 30 34 36 16 18 21 23 26 0 0 0 0 0 20 23 26 29 31 
24 27 30 34 38 14 16 18 19 22 13 15 17 19 20 15 17 19 20 22 21 24 27 30 33 0 0 0 0 0 24 27 31 35 37 24 27 31 35 38 
17 19 22 25 28 12 13 15 16 18 16 18 21 24 27 0 0 0 0 0 18 20 23 25 29 24 27 30 34 37 11 12 14 16 17 12 14 16 17 21 
39 1411 5
0 0 0 0 0 8 9 10 11 13 20 22 25 27 32 19 21 24 26 30 17 19 22 24 28 25 28 32 36 40 24 27 30 34 37 24 27 30 34 36 
9 10 12 13 14 0 0 0 0 0 24 27 30 34 38 9 10 12 13 16 11 12 14 15 18 20 23 26 29 33 27 30 34 37 41 20 22 25 27 32 
22 25 28 30 33 0 0 0 0 0 10 11 13 14 15 20 22 25 28 31 25 28 32 36 39 27 30 34 37 41 13 15 17 19 20 9 10 12 13 14 
22 25 28 30 33 0 0 0 0 0 24 27 30 34 37 18 20 23 26 27 16 18 21 24 26 9 10 12 14 15 20 23 26 29 33 27 30 34 37 40 
23 26 29 32 35 8 9 10 12 14 27 30 34 37 42 27 30 34 38 40 17 19 22 24 28 24 27 31 35 37 12 13 15 17 20 0 0 0 0 0 
40 2281 4
18 20 23 25 28 12 13 15 16 19 19 21 24 27 29 27 30 34 38 42 9 10 12 14 15 0 0 0 0 0 20 23 26 28 31 20 23 26 29 32 
25 28 32 36 38 8 9 10 12 14 14 16 18 20 22 12 13 15 16 20 14 16 18 19 23 0 0 0 0 0 20 23 26 28 32 15 17 19 21 24 
16 18 20 23 26 0 0 0 0 0 20 22 25 28 30 27 30 34 38 42 21 24 27 30 33 18 20 23 25 28 24 27 31 35 39 18 20 23 26 27 
21 24 27 30 34 13 15 17 19 21 23 26 29 32 36 19 21 24 27 30 24 27 30 33 37 26 29 33 36 40 9 10 12 14 16 0 0 0 0 0 
41 2658 4
20 22 25 27 32 11 12 14 16 18 27 30 34 37 41 18 20 23 25 28 20 22 25 27 32 0 0 0 0 0 13 15 17 19 21 10 11 13 15 16 
0 0 0 0 0 19 21 24 27 28 24 27 30 33 38 26 29 33 37 39 20 22 25 28 31 17 19 22 25 26 17 19 22 25 27 20 22 25 27 32 
21 24 27 30 33 23 26 29 32 36 25 28 32 35 38 9 10 12 13 15 10 11 13 14 16 20 23 26 28 33 0 0 0 0 0 14 16 18 20 21 
17 19 22 24 28 0 0 0 0 0 16 18 20 23 24 11 12 14 16 16 10 11 13 15 17 11 12 14 16 17 26 29 33 36 40 23 26 29 31 36 
42 2277 8
20 22 25 27 32 0 0 0 0 0 26 29 33 37 39 12 14 16 18 20 13 15 17 19 21 11 12 14 15 18 27 30 34 37 41 20 23 26 29 31 
16 18 21 24 25 25 28 32 36 39 20 22 25 28 32 19 21 24 26 28 0 0 0 0 0 8 9 11 12 15 10 11 13 15 17 20 23 26 28 32 
27 30 34 37 40 0 0 0 0 0 24 27 30 33 37 21 24 27 29 33 12 13 15 16 19 22 25 28 31 35 8 9 10 11 13 27 30 34 37 41 
19 21 24 26 30 8 9 11 13 15 17 19 22 25 26 8 9 10 11 12 20 22 25 27 31 0 0 0 0 0 10 11 13 14 16 11 12 14 16 18 
23 26 29 32 35 8 9 10 11 12 19 21 24 26 29 20 22 25 28 32 0 0 0 0 0 18 20 23 25 27 24 27 31 35 38 14 16 18 20 23 
13 15 17 18 20 0 0 0 0 0 17 19 22 25 26 12 14 16 17 19 8 9 11 13 14 23 26 29 32 34 22 25 28 31 35 13 15 17 18 21 
11 12 14 15 17 12 14 16 18 20 20 22 25 27 30 21 24 27 30 34 12 14 16 17 21 0 0 0 0 0 14 16 18 20 23 8 9 10 12 13 
23 26 29 31 36 11 12 14 15 16 20 22 25 27 31 0 0 0 0 0 8 9 10 11 12 16 18 21 24 26 26 29 33 36 41 16 18 20 22 26 
43 2889 8
20 22 25 27 31 8 9 11 13 13 18 20 23 26 29 24 27 30 33 37 16 18 21 24 26 0 0 0 0 0 14 16 18 19 21 12 13 15 17 19 
14 16 18 19 22 14 16 18 19 21 24 27 31 34 38 13 15 17 18 20 18 20 23 26 27 0 0 0 0 0 8 9 10 11 12 14 16 18 19 22 
27 30 34 37 41 0 0 0 0 0 23 26 29 31 36 14 16 18 19 22 16 18 21 24 25 17 19 22 25 28 20 23 26 29 33 20 23 26 29 31 
18 20 23 25 28 0 0 0 0 0 12 13 15 16 18 24 27 30 33 37 12 14 16 17 21 16 18 20 22 24 10 11 13 15 15 15 17 19 20 22 
13 15 17 19 22 0 0 0 0 0 25 28 32 36 39 17 19 22 24 28 12 14 16 18 21 27 30 34 37 41 10 11 13 14 15 8 9 10 12 14 
21 24 27 29 32 15 17 19 21 24 24 27 31 34 39 20 23 26 28 32 0 0 0 0 0 20 23 26 29 31 27 30 34 38 40 15 17 19 21 24 
16 18 21 24 27 20 22 25 28 31 19 21 24 27 30 18 20 23 26 29 0 0 0 0 0 22 25 28 31 33 8 9 10 11 12 8 9 11 13 13 
23 26 29 31 35 8 9 11 13 14 8 9 11 13 13 8 9 11 13 13 0 0 0 0 0 24 27 31 35 39 20 23 26 28 31 8 9 10 11 14 
44 1018 6
26 29 33 37 40 8 9 10 12 12 16 18 21 23 26 20 23 26 28 33 14 16 18 20 22 8 9 10 12 12 0 0 0 0 0 21 24 27 29 33 
18 20 23 25 27 18 20 23 26 28 24 27 30 34 38 26 29 33 37 39 18 20 23 25 28 0 0 0 0 0 8 9 10 11 12 10 11 13 15 16 
0 0 0 0 0 8 9 11 13 13 16 18 21 24 26 24 27 30 33 37 14 16 18 19 23 17 19 22 24 27 13 15 17 19 22 23 26 29 32 34 
0 0 0 0 0 12 14 16 17 19 13 15 17 18 20 18 20 23 25 29 12 14 16 17 20 17 19 22 25 28 17 19 22 24 26 27 30 34 37 40 
9 10 12 13 14 20 22 25 27 30 24 27 31 35 37 25 28 32 35 40 26 29 33 37 40 23 26 29 31 34 18 20 23 26 29 0 0 0 0 0 
15 17 19 21 22 26 29 33 36 40 9 10 12 13 16 16 18 20 23 24 16 18 21 24 26 0 0 0 0 0 22 25 28 30 33 8 9 11 13 15 
45 1221 6
20 22 25 27 31 8 9 11 12 14 12 14 16 17 21 27 30 34 38 42 24 27 30 34 36 19 21 24 27 29 13 15 17 19 20 0 0 0 0 0 
11 12 14 16 16 25 28 32 35 40 15 17 19 21 22 23 26 29 32 34 20 22 25 28 31 12 14 16 17 20 0 0 0 0 0 13 15 17 18 21 
16 18 20 22 24 14 16 18 19 22 16 18 21 23 25 12 13 15 16 18 11 12 14 16 16 8 9 11 13 13 0 0 0 0 0 12 14 16 17 21 
21 24 27 30 33 0 0 0 0 0 20 23 26 29 32 12 13 15 17 19 21 24 27 29 33 20 23 26 28 32 26 29 33 37 39 25 28 32 35 38 
8 9 11 13 14 27 30 34 38 41 19 21 24 27 28 19 21 24 26 30 9 10 12 13 15 12 14 16 18 20 11 12 14 15 18 0 0 0 0 0 
12 13 15 16 20 15 17 19 20 23 20 23 26 28 32 17 19 22 24 26 12 14 16 18 19 18 20 23 26 27 21 24 27 30 33 0 0 0 0 0 
46 2200 8
12 13 15 16 19 17 19 22 24 28 24 27 30 34 37 0 0 0 0 0 24 27 31 35 38 23 26 29 31 36 8 9 11 12 15 21 24 27 29 34 
12 13 15 16 19 20 23 26 29 32 8 9 10 12 14 12 14 16 18 20 10 11 13 14 16 18 20 23 25 27 16 18 20 23 26 0 0 0 0 0 
15 17 19 20 22 12 13 15 17 18 9 10 12 14 15 18 20 23 25 27 23 26 29 32 34 8 9 10 11 13 10 11 13 15 16 0 0 0 0 0 
16 18 21 23 26 14 16 18 20 21 21 24 27 29 34 0 0 0 0 0 12 13 15 16 20 13 15 17 19 21 26 29 33 37 40 27 30 34 37 41 
0 0 0 0 0 11 12 14 15 18 20 22 25 28 30 20 23 26 28 32 9 10 12 14 14 16 18 21 23 26 19 21 24 27 28 26 29 33 36 41 
0 0 0 0 0 27 30 34 37 42 19 21 24 27 29 24 27 31 35 37 20 23 26 29 33 15 17 19 20 22 10 11 13 14 16 24 27 31 34 38 
12 13 15 17 19 13 15 17 18 21 22 25 28 31 35 14 16 18 20 21 0 0 0 0 0 24 27 31 35 39 21 24 27 29 33 21 24 27 29 34 
21 24 27 29 32 16 18 21 24 26 13 15 17 19 22 13 15 17 18 20 14 16 18 20 21 0 0 0 0 0 26 29 33 36 40 24 27 31 34 39 
47 2540 7
21 24 27 29 33 16 18 21 23 25 13 15 17 18 22 16 18 21 23 25 0 0 0 0 0 20 22 25 27 31 20 23 26 28 32 24 27 30 34 36 
24 27 31 34 39 10 11 13 14 15 21 24 27 30 34 13 15 17 18 21 0 0 0 0 0 24 27 31 35 37 8 9 10 11 14 25 28 32 35 38 
8 9 11 12 14 17 19 22 25 26 18 20 23 26 28 14 16 18 20 21 12 13 15 17 20 12 14 16 18 20 8 9 11 13 15 0 0 0 0 0 
22 25 28 30 35 0 0 0 0 0 9 10 12 13 14 12 14 16 17 19 21 24 27 30 33 17 19 22 25 26 12 14 16 18 19 18 20 23 26 27 
10 11 13 15 15 22 25 28 31 33 11 12 14 15 17 23 26 29 32 35 0 0 0 0 0 12 13 15 17 20 11 12 14 15 17 8 9 11 13 15 
23 26 29 31 35 13 15 17 19 20 24 27 31 35 39 16 18 20 22 25 0 0 0 0 0 8 9 11 13 15 21 24 27 29 32 16 18 21 24 26 
24 27 30 34 38 8 9 11 12 13 26 29 33 37 39 0 0 0 0 0 12 13 15 16 18 24 27 31 34 37 8 9 11 13 13 10 11 13 14 16 
48 1553 8
9 10 12 13 14 13 15 17 18 20 0 0 0 0 0 27 30 34 38 41 12 14 16 18 21 25 28 32 36 39 21 24 27 30 33 27 30 34 37 42 
27 30 34 37 42 24 27 30 33 37 13 15 17 19 20 21 24 27 30 34 20 22 25 27 32 20 22 25 27 31 21 24 27 29 33 0 0 0 0 0 
22 25 28 30 35 17 19 22 25 27 10 11 13 14 16 0 0 0 0 0 8 9 10 11 12 24 27 30 34 37 27 30 34 38 40 8 9 10 12 12 
11 12 14 16 18 8 9 10 11 14 19 21 24 27 29 9 10 12 13 15 11 12 14 16 18 22 25 28 30 35 14 16 18 19 22 0 0 0 0 0 
24 27 30 33 36 16 18 20 23 26 21 24 27 29 34 19 21 24 26 30 18 20 23 25 27 0 0 0 0 0 10 11 13 15 16 19 21 24 26 29 
27 30 34 37 41 26 29 33 36 40 27 30 34 37 41 20 23 26 28 31 16 18 20 23 26 0 0 0 0 0 12 14 16 17 19 20 23 26 29 31 
24 27 31 35 39 16 18 21 23 26 8 9 11 12 13 9 10 12 13 16 15 17 19 21 24 0 0 0 0 0 18 20 23 26 29 22 25 28 31 35 
8 9 11 12 14 0 0 0 0 0 16 18 20 23 24 26 29 33 37 40 20 23 26 29 31 24 27 31 34 38 26 29 33 36 39 24 27 30 33 36 
49 1543 6
16 18 21 24 27 0 0 0 0 0 20 22 25 28 32 22 25 28 30 35 23 26 29 32 35 12 14 16 17 19 14 16 18 20 21 22 25 28 30 33 
0 0 0 0 0 11 12 14 15 17 18 20 23 25 29 27 30 34 37 42 24 27 31 35 37 26 29 33 37 40 13 15 17 19 22 11 12 14 15 16 
8 9 11 13 14 0 0 0 0 0 25 28 32 35 39 16 18 20 23 26 17 19 22 25 27 14 16 18 19 22 22 25 28 31 34 8 9 10 12 14 
25 28 32 36 38 23 26 29 32 35 11 12 14 16 17 0 0 0 0 0 13 15 17 19 20 15 17 19 20 22 13 15 17 18 21 27 30 34 37 42 
27 30 34 37 41 12 14 16 17 20 0 0 0 0 0 24 27 30 34 38 24 27 30 34 38 27 30 34 38 42 20 23 26 28 31 18 20 23 26 27 
25 28 32 35 38 0 0 0 0 0 14 16 18 20 21 10 11 13 15 15 22 25 28 30 34 27 30 34 38 42 15 17 19 20 24 22 25 28 31 35 
0 1227 34 190 56 
1 1320 188 203 35 
2 1039 155 197 75 
3 1117 122 74 78 
4 1151 63 190 102 
5 1033 43 117 45 
6 1380 86 218 43 
7 1496 144 136 32 
17 50 8000 20000 0.52 0.78 30 5000 750 12500 0.43 0.49 900 10000 9746 5493 21 2.062
