100 7
0 2606 3
13 15 17 19 21 24 27 30 34 37 25 28 32 35 40 20 23 26 28 31 27 30 34 37 40 17 19 22 24 27 0 0 0 0 0 
0 0 0 0 0 22 25 28 30 35 13 15 17 19 21 16 18 21 24 26 13 15 17 19 21 25 28 32 36 38 8 9 11 13 15 
12 13 15 16 19 19 21 24 27 29 27 30 34 37 42 0 0 0 0 0 14 16 18 20 21 12 13 15 16 19 20 23 26 29 32 
1 1614 5
0 0 0 0 0 26 29 33 37 39 23 26 29 32 36 15 17 19 21 24 12 13 15 16 19 20 22 25 28 31 12 14 16 17 21 
17 19 22 25 28 0 0 0 0 0 10 11 13 14 17 16 18 21 24 27 15 17 19 20 24 16 18 20 22 24 20 22 25 27 31 
17 19 22 25 26 22 25 28 31 33 8 9 11 13 15 20 23 26 29 33 8 9 10 11 14 0 0 0 0 0 18 20 23 26 27 
8 9 11 13 14 25 28 32 35 39 0 0 0 0 0 25 28 32 36 38 12 14 16 17 20 15 17 19 21 24 18 20 23 26 28 
8 9 11 13 13 10 11 13 14 17 0 0 0 0 0 11 12 14 16 17 12 14 16 18 21 10 11 13 14 15 9 10 12 13 14 
2 2321 3
18 20 23 25 29 10 11 13 15 15 21 24 27 29 34 0 0 0 0 0 12 14 16 17 21 12 14 16 17 19 16 18 21 23 26 
9 10 12 14 15 14 16 18 19 23 20 23 26 28 31 24 27 30 33 37 0 0 0 0 0 18 20 23 26 29 18 20 23 26 29 
0 0 0 0 0 24 27 31 35 37 27 30 34 38 41 11 12 14 15 17 16 18 21 23 25 8 9 10 12 14 19 21 24 26 29 
3 2283 4
22 25 28 31 33 24 27 31 35 38 25 28 32 35 38 15 17 19 20 22 0 0 0 0 0 24 27 31 34 37 11 12 14 16 18 
12 13 15 17 19 16 18 20 23 26 0 0 0 0 0 12 13 15 17 18 12 13 15 17 20 14 16 18 20 22 9 10 12 13 14 
17 19 22 24 27 19 21 24 26 28 8 9 10 11 14 26 29 33 37 41 27 30 34 37 42 0 0 0 0 0 13 15 17 18 22 
20 23 26 29 32 13 15 17 19 21 9 10 12 13 14 20 22 25 28 32 25 28 32 35 39 0 0 0 0 0 12 13 15 17 20 
4 1880 4
24 27 31 34 37 12 14 16 18 19 0 0 0 0 0 18 20 23 25 27 11 12 14 15 18 21 24 27 29 34 22 25 28 30 35 
0 0 0 0 0 12 14 16 17 19 16 18 20 23 24 14 16 18 19 23 15 17 19 20 22 22 25 28 31 35 23 26 29 32 36 
15 17 19 20 24 0 0 0 0 0 27 30 34 38 40 24 27 31 34 39 9 10 12 13 15 14 16 18 20 23 8 9 10 11 12 
25 28 32 35 38 11 12 14 15 16 16 18 20 23 24 14 16 18 20 22 16 18 20 22 25 0 0 0 0 0 27 30 34 38 40 
5 1302 5
0 0 0 0 0 21 24 27 29 34 23 26 29 31 36 12 13 15 16 20 22 25 28 31 35 27 30 34 38 42 13 15 17 18 21 
0 0 0 0 0 18 20 23 25 28 15 17 19 21 22 8 9 11 13 14 20 22 25 28 32 13 15 17 19 21 8 9 11 13 15 
17 19 22 24 28 12 14 16 18 21 13 15 17 19 22 20 23 26 28 31 15 17 19 21 24 13 15 17 18 20 0 0 0 0 0 
19 21 24 27 30 19 21 24 27 29 19 21 24 26 28 24 27 31 34 39 11 12 14 15 16 12 13 15 17 18 0 0 0 0 0 
26 29 33 37 41 20 22 25 28 31 21 24 27 29 33 17 19 22 25 26 0 0 0 0 0 16 18 21 24 25 15 17 19 21 22 
6 2529 4
12 13 15 16 20 16 18 21 23 26 23 26 29 32 36 19 21 24 27 30 8 9 11 12 15 9 10 12 13 16 0 0 0 0 0 
27 30 34 37 42 15 17 19 21 23 19 21 24 27 29 18 20 23 26 27 0 0 0 0 0 24 27 30 34 37 20 22 25 28 31 
8 9 10 11 14 18 20 23 25 27 17 19 22 24 26 24 27 30 34 37 27 30 34 37 40 18 20 23 26 27 0 0 0 0 0 
21 24 27 29 34 16 18 21 23 27 0 0 0 0 0 25 28 32 35 38 20 23 26 29 31 8 9 11 12 13 23 26 29 31 36 
7 1167 3
17 19 22 24 28 20 23 26 28 32 0 0 0 0 0 27 30 34 37 40 12 13 15 17 19 9 10 12 14 15 23 26 29 31 34 
27 30 34 38 42 22 25 28 30 35 0 0 0 0 0 16 18 20 23 24 23 26 29 31 36 20 22 25 27 32 15 17 19 20 22 
19 21 24 27 30 16 18 20 22 24 27 30 34 38 40 16 18 21 23 26 0 0 0 0 0 23 26 29 32 34 9 10 12 14 15 
8 1330 5
12 13 15 16 18 22 25 28 30 35 14 16 18 20 23 0 0 0 0 0 17 19 22 24 26 20 22 25 27 31 27 30 34 37 42 
10 11 13 14 16 16 18 20 23 24 12 13 15 16 18 19 21 24 26 30 10 11 13 14 15 12 14 16 17 19 0 0 0 0 0 
18 20 23 26 27 0 0 0 0 0 9 10 12 14 15 16 18 20 22 25 8 9 10 12 12 8 9 10 11 12 8 9 11 13 13 
16 18 21 24 26 0 0 0 0 0 8 9 11 12 14 20 23 26 29 32 26 29 33 36 40 18 20 23 26 27 14 16 18 20 22 
25 28 32 36 39 23 26 29 32 35 17 19 22 25 27 23 26 29 32 35 21 24 27 30 33 8 9 11 13 15 0 0 0 0 0 
9 1571 6
18 20 23 25 28 15 17 19 20 23 0 0 0 0 0 17 19 22 24 28 27 30 34 37 42 18 20 23 25 27 21 24 27 29 32 
16 18 21 23 26 24 27 30 34 38 15 17 19 20 23 27 30 34 37 42 22 25 28 31 33 16 18 20 23 26 0 0 0 0 0 
0 0 0 0 0 12 13 15 17 19 8 9 10 12 12 25 28 32 36 39 13 15 17 19 21 8 9 10 11 13 26 29 33 37 40 
11 12 14 15 18 20 23 26 28 32 0 0 0 0 0 24 27 30 33 36 27 30 34 38 40 15 17 19 20 23 15 17 19 20 23 
14 16 18 20 23 15 17 19 20 23 11 12 14 15 16 20 22 25 28 32 17 19 22 24 28 0 0 0 0 0 19 21 24 27 28 
0 0 0 0 0 27 30 34 38 41 27 30 34 37 40 12 13 15 16 18 15 17 19 21 24 8 9 11 13 13 26 29 33 37 39 
10 1908 4
18 20 23 26 27 0 0 0 0 0 16 18 20 23 25 24 27 30 34 36 8 9 11 13 13 26 29 33 37 41 12 13 15 16 20 
19 21 24 27 30 0 0 0 0 0 27 30 34 38 40 20 22 25 27 30 19 21 24 26 30 22 25 28 30 34 9 10 12 13 14 
16 18 20 22 25 21 24 27 29 32 20 22 25 28 31 0 0 0 0 0 17 19 22 25 28 19 21 24 26 28 17 19 22 25 28 
20 22 25 27 32 15 17 19 21 23 15 17 19 20 24 9 10 12 13 16 0 0 0 0 0 17 19 22 25 28 20 23 26 29 32 
11 2384 6
8 9 10 11 12 22 25 28 30 34 25 28 32 35 40 18 20 23 26 28 0 0 0 0 0 16 18 21 23 25 18 20 23 26 27 
17 19 22 25 28 27 30 34 38 40 0 0 0 0 0 12 14 16 17 19 24 27 30 33 38 8 9 11 12 14 20 22 25 28 30 
8 9 11 12 15 0 0 0 0 0 16 18 20 22 25 27 30 34 38 41 8 9 10 11 14 13 15 17 19 20 12 13 15 17 18 
0 0 0 0 0 24 27 31 34 37 12 14 16 17 20 17 19 22 25 28 10 11 13 15 15 22 25 28 30 35 26 29 33 36 40 
10 11 13 15 16 24 27 30 34 36 0 0 0 0 0 27 30 34 38 41 16 18 20 23 24 19 21 24 27 30 24 27 31 35 37 
9 10 12 13 14 11 12 14 16 18 20 23 26 28 31 26 29 33 36 39 0 0 0 0 0 18 20 23 26 27 13 15 17 18 20 
12 1274 4
16 18 20 23 25 20 22 25 28 32 9 10 12 14 16 21 24 27 30 33 24 27 30 34 37 0 0 0 0 0 10 11 13 15 16 
11 12 14 15 16 24 27 31 35 38 15 17 19 21 23 24 27 30 34 37 24 27 31 34 39 8 9 11 12 13 0 0 0 0 0 
27 30 34 37 42 12 14 16 17 21 26 29 33 37 41 20 23 26 29 32 27 30 34 37 41 17 19 22 24 28 0 0 0 0 0 
18 20 23 26 28 24 27 31 35 38 17 19 22 24 28 0 0 0 0 0 21 24 27 30 33 24 27 30 33 36 20 22 25 28 31 
13 1364 5
18 20 23 25 27 0 0 0 0 0 10 11 13 14 16 24 27 30 34 38 16 18 20 23 25 17 19 22 24 27 11 12 14 16 17 
0 0 0 0 0 13 15 17 19 21 8 9 10 12 12 18 20 23 25 28 8 9 11 13 14 17 19 22 25 26 10 11 13 14 15 
27 30 34 38 42 12 13 15 17 19 20 23 26 29 32 22 25 28 30 34 18 20 23 25 28 18 20 23 26 29 0 0 0 0 0 
17 19 22 24 28 25 28 32 36 40 0 0 0 0 0 22 25 28 30 33 18 20 23 25 29 12 14 16 18 19 8 9 10 12 12 
12 13 15 17 20 24 27 31 35 38 10 11 13 15 15 24 27 30 34 36 14 16 18 20 23 20 23 26 29 31 0 0 0 0 0 
14 2561 5
15 17 19 20 24 8 9 11 12 13 24 27 31 35 39 0 0 0 0 0 24 27 31 34 39 21 24 27 30 34 22 25 28 30 33 
0 0 0 0 0 18 20 23 26 27 24 27 30 34 36 13 15 17 18 22 21 24 27 29 32 25 28 32 35 40 17 19 22 24 26 
19 21 24 26 28 0 0 0 0 0 21 24 27 30 32 25 28 32 35 40 15 17 19 21 22 15 17 19 21 24 16 18 20 22 26 
14 16 18 19 23 13 15 17 19 22 27 30 34 38 40 15 17 19 20 23 11 12 14 15 16 0 0 0 0 0 27 30 34 37 41 
15 17 19 20 22 21 24 27 29 33 9 10 12 14 16 0 0 0 0 0 9 10 12 14 16 9 10 12 13 16 20 23 26 29 33 
15 2186 4
19 21 24 27 28 11 12 14 16 16 16 18 20 23 25 20 23 26 28 33 19 21 24 26 30 0 0 0 0 0 23 26 29 31 35 
19 21 24 26 30 20 22 25 27 31 12 14 16 18 19 0 0 0 0 0 19 21 24 26 30 27 30 34 38 42 18 20 23 25 27 
10 11 13 14 16 0 0 0 0 0 10 11 13 15 16 20 22 25 27 31 11 12 14 16 17 13 15 17 19 20 15 17 19 20 24 
8 9 11 13 15 0 0 0 0 0 24 27 31 35 37 20 23 26 28 32 20 22 25 27 32 9 10 12 13 14 22 25 28 30 34 
16 1916 3
26 29 33 36 41 11 12 14 15 18 10 11 13 14 17 20 23 26 28 32 8 9 11 13 13 0 0 0 0 0 17 19 22 24 27 
21 24 27 29 33 13 15 17 19 20 18 20 23 25 28 0 0 0 0 0 15 17 19 20 22 12 13 15 17 18 26 29 33 36 40 
10 11 13 15 15 17 19 22 24 28 14 16 18 19 23 16 18 21 23 26 11 12 14 16 16 17 19 22 25 27 0 0 0 0 0 
17 2483 6
20 22 25 27 31 25 28 32 36 39 27 30 34 37 42 13 15 17 18 21 0 0 0 0 0 21 24 27 29 34 24 27 30 34 38 
0 0 0 0 0 25 28 32 35 40 17 19 22 25 27 16 18 21 23 27 20 22 25 27 30 17 19 22 25 26 12 14 16 17 19 
16 18 21 23 27 16 18 20 22 25 19 21 24 26 30 12 14 16 18 19 24 27 30 33 36 0 0 0 0 0 16 18 20 23 25 
11 12 14 15 18 23 26 29 31 35 17 19 22 25 27 17 19 22 24 28 16 18 20 22 24 0 0 0 0 0 19 21 24 27 29 
27 30 34 38 40 9 10 12 13 16 0 0 0 0 0 24 27 31 35 38 17 19 22 25 28 10 11 13 14 16 20 22 25 27 32 
16 18 20 23 24 11 12 14 15 18 0 0 0 0 0 12 13 15 17 20 19 21 24 26 30 12 14 16 18 19 10 11 13 15 17 
18 1250 4
9 10 12 13 14 10 11 13 15 16 10 11 13 15 17 0 0 0 0 0 23 26 29 31 34 8 9 10 11 12 16 18 21 24 27 
27 30 34 38 42 8 9 10 12 12 14 16 18 20 23 15 17 19 20 23 8 9 10 11 14 0 0 0 0 0 13 15 17 19 20 
0 0 0 0 0 26 29 33 37 41 8 9 11 13 13 15 17 19 20 24 12 14 16 17 20 19 21 24 26 29 18 20 23 25 28 
16 18 20 23 25 21 24 27 29 34 12 13 15 16 19 10 11 13 15 16 0 0 0 0 0 24 27 31 34 39 23 26 29 32 35 
19 2728 5
21 24 27 29 34 0 0 0 0 0 18 20 23 26 29 14 16 18 20 21 16 18 21 24 25 14 16 18 19 23 23 26 29 32 35 
8 9 11 13 15 0 0 0 0 0 12 13 15 17 19 12 14 16 17 21 15 17 19 20 23 20 22 25 28 32 8 9 10 11 14 
9 10 12 13 14 20 22 25 27 31 8 9 11 13 14 0 0 0 0 0 14 16 18 20 23 12 13 15 17 19 27 30 34 38 41 
8 9 10 12 13 12 13 15 17 18 21 24 27 29 34 16 18 20 23 25 0 0 0 0 0 18 20 23 25 27 9 10 12 13 14 
27 30 34 38 42 17 19 22 24 28 20 23 26 28 31 18 20 23 25 28 0 0 0 0 0 11 12 14 16 17 9 10 12 14 16 
20 1087 3
20 23 26 28 31 10 11 13 14 17 8 9 10 12 13 8 9 11 12 14 0 0 0 0 0 12 14 16 17 21 19 21 24 26 30 
23 26 29 32 34 20 23 26 29 32 17 19 22 25 28 0 0 0 0 0 8 9 10 12 12 15 17 19 21 24 19 21 24 27 29 
11 12 14 16 17 8 9 11 13 15 12 14 16 17 20 0 0 0 0 0 19 21 24 26 28 8 9 11 12 13 13 15 17 18 22 
21 2454 5
13 15 17 19 21 11 12 14 15 18 12 13 15 16 18 10 11 13 15 16 22 25 28 31 34 0 0 0 0 0 24 27 31 34 39 
12 14 16 17 21 9 10 12 13 14 24 27 30 34 38 0 0 0 0 0 24 27 30 33 37 10 11 13 15 15 21 24 27 30 32 
0 0 0 0 0 20 23 26 28 33 15 17 19 20 23 24 27 31 35 39 14 16 18 19 23 20 22 25 27 32 24 27 30 33 38 
17 19 22 24 28 8 9 11 12 15 0 0 0 0 0 26 29 33 37 39 16 18 21 23 27 23 26 29 32 34 8 9 10 12 13 
12 14 16 17 19 25 28 32 35 39 13 15 17 19 21 22 25 28 30 35 24 27 31 35 37 0 0 0 0 0 10 11 13 15 16 
22 2718 4
0 0 0 0 0 10 11 13 14 15 15 17 19 21 23 15 17 19 21 24 8 9 10 12 12 23 26 29 32 36 9 10 12 14 15 
24 27 30 34 38 8 9 11 13 13 22 25 28 31 34 23 26 29 32 35 20 22 25 28 31 0 0 0 0 0 27 30 34 37 41 
17 19 22 24 28 23 26 29 32 35 0 0 0 0 0 11 12 14 16 18 16 18 21 24 27 16 18 20 23 24 18 20 23 25 29 
18 20 23 26 29 10 11 13 15 16 22 25 28 30 34 14 16 18 19 21 0 0 0 0 0 26 29 33 37 41 16 18 20 22 26 
23 2796 5
24 27 31 35 39 23 26 29 32 36 16 18 20 22 25 19 21 24 26 29 0 0 0 0 0 8 9 11 12 13 14 16 18 19 23 
22 25 28 31 33 0 0 0 0 0 24 27 31 34 39 24 27 31 35 39 16 18 21 23 25 8 9 10 12 14 9 10 12 13 15 
13 15 17 18 21 12 14 16 18 21 12 13 15 16 20 16 18 21 24 25 0 0 0 0 0 20 23 26 28 31 24 27 30 34 38 
18 20 23 26 28 24 27 30 34 36 8 9 11 12 15 12 13 15 17 19 24 27 31 34 38 12 13 15 16 19 0 0 0 0 0 
8 9 10 12 13 20 22 25 28 32 0 0 0 0 0 12 13 15 16 18 17 19 22 24 26 8 9 11 13 15 8 9 11 13 14 
24 1892 5
20 23 26 29 33 12 13 15 16 18 16 18 20 22 26 18 20 23 25 29 18 20 23 25 28 0 0 0 0 0 15 17 19 21 24 
21 24 27 30 33 25 28 32 35 40 0 0 0 0 0 8 9 10 11 13 24 27 30 33 37 16 18 21 24 27 12 13 15 17 19 
16 18 20 22 26 0 0 0 0 0 12 13 15 16 20 11 12 14 16 18 8 9 11 13 14 27 30 34 37 42 21 24 27 29 32 
8 9 10 12 14 15 17 19 20 24 24 27 30 34 36 11 12 14 15 18 0 0 0 0 0 23 26 29 31 34 20 22 25 27 31 
20 23 26 29 32 16 18 20 23 24 19 21 24 27 30 25 28 32 36 38 0 0 0 0 0 19 21 24 26 30 13 15 17 18 22 
25 1509 3
14 16 18 19 21 25 28 32 35 40 8 9 10 11 14 19 21 24 26 30 11 12 14 16 16 21 24 27 30 34 0 0 0 0 0 
10 11 13 15 17 20 22 25 28 32 15 17 19 21 24 12 13 15 16 20 17 19 22 24 28 0 0 0 0 0 24 27 31 35 38 
8 9 10 12 13 8 9 11 13 14 0 0 0 0 0 16 18 20 22 24 16 18 20 23 26 12 14 16 18 19 10 11 13 15 17 
26 1623 3
11 12 14 15 17 22 25 28 30 34 16 18 20 22 26 11 12 14 16 17 8 9 11 12 13 0 0 0 0 0 14 16 18 20 21 
25 28 32 35 38 20 22 25 28 30 18 20 23 25 28 17 19 22 25 28 0 0 0 0 0 25 28 32 36 39 22 25 28 30 35 
0 0 0 0 0 20 23 26 29 33 18 20 23 25 28 14 16 18 19 22 20 23 26 29 33 8 9 11 12 14 20 23 26 28 33 
27 2821 5
0 0 0 0 0 20 22 25 27 32 16 18 21 24 25 22 25 28 30 33 12 14 16 17 19 18 20 23 25 29 8 9 11 12 15 
16 18 20 23 26 19 21 24 26 30 0 0 0 0 0 12 14 16 17 19 14 16 18 20 22 20 23 26 29 32 18 20 23 25 27 
8 9 10 11 14 15 17 19 20 22 13 15 17 18 21 24 27 31 35 38 0 0 0 0 0 25 28 32 36 38 12 13 15 17 20 
23 26 29 32 35 12 13 15 16 20 24 27 30 34 36 20 22 25 27 32 25 28 32 36 40 23 26 29 32 35 0 0 0 0 0 
0 0 0 0 0 14 16 18 19 22 19 21 24 27 29 16 18 21 23 26 27 30 34 37 41 12 14 16 18 20 15 17 19 20 22 
28 1768 5
12 13 15 16 18 12 13 15 16 18 0 0 0 0 0 25 28 32 36 39 16 18 21 24 25 22 25 28 30 35 21 24 27 30 34 
0 0 0 0 0 24 27 30 34 38 8 9 11 13 15 26 29 33 36 40 18 20 23 25 28 18 20 23 26 28 23 26 29 31 34 
0 0 0 0 0 18 20 23 26 29 9 10 12 14 14 11 12 14 15 17 9 10 12 13 14 22 25 28 30 34 12 14 16 18 19 
27 30 34 37 42 12 14 16 17 20 22 25 28 31 34 27 30 34 37 40 0 0 0 0 0 27 30 34 37 42 21 24 27 30 34 
12 13 15 17 18 21 24 27 29 32 10 11 13 14 17 25 28 32 35 39 14 16 18 19 22 0 0 0 0 0 26 29 33 37 41 
29 2499 3
12 13 15 17 19 0 0 0 0 0 9 10 12 14 14 8 9 10 12 14 10 11 13 15 16 19 21 24 26 30 24 27 30 33 38 
21 24 27 30 34 20 23 26 29 32 8 9 10 12 13 24 27 30 34 36 8 9 10 11 13 22 25 28 31 33 0 0 0 0 0 
24 27 30 34 37 20 22 25 28 31 22 25 28 30 34 13 15 17 19 20 12 13 15 17 20 0 0 0 0 0 22 25 28 31 34 
30 2470 4
9 10 12 14 14 16 18 21 24 25 22 25 28 30 35 20 23 26 29 33 0 0 0 0 0 20 22 25 27 30 10 11 13 15 16 
20 22 25 28 31 8 9 11 12 15 20 23 26 29 32 0 0 0 0 0 8 9 11 12 15 14 16 18 19 21 12 13 15 16 19 
20 22 25 27 30 13 15 17 18 22 12 13 15 17 18 25 28 32 36 39 8 9 11 12 13 0 0 0 0 0 12 14 16 17 19 
9 10 12 14 16 15 17 19 20 23 11 12 14 16 17 0 0 0 0 0 15 17 19 21 24 21 24 27 29 32 13 15 17 19 22 
31 1773 4
12 14 16 17 20 0 0 0 0 0 18 20 23 26 28 15 17 19 20 24 24 27 30 34 37 18 20 23 26 27 18 20 23 26 27 
0 0 0 0 0 20 23 26 28 31 8 9 10 12 13 24 27 31 34 38 14 16 18 20 23 12 13 15 17 19 22 25 28 31 33 
0 0 0 0 0 20 23 26 28 33 9 10 12 14 14 16 18 20 23 26 20 22 25 28 30 8 9 10 11 14 11 12 14 16 16 
24 27 30 34 37 24 27 31 34 38 8 9 11 12 13 0 0 0 0 0 18 20 23 25 27 15 17 19 20 24 12 14 16 17 21 
32 2805 4
19 21 24 26 30 22 25 28 31 35 25 28 32 36 38 0 0 0 0 0 16 18 20 22 26 8 9 11 13 15 26 29 33 37 41 
16 18 21 23 25 14 16 18 20 23 12 14 16 18 19 18 20 23 26 27 10 11 13 15 15 22 25 28 30 35 0 0 0 0 0 
19 21 24 27 29 20 22 25 28 31 0 0 0 0 0 19 21 24 26 29 8 9 11 13 13 15 17 19 20 22 9 10 12 13 15 
22 25 28 30 35 8 9 11 13 15 0 0 0 0 0 21 24 27 30 32 25 28 32 35 40 11 12 14 15 16 9 10 12 13 14 
33 1612 5
9 10 12 14 16 11 12 14 16 17 12 13 15 17 19 27 30 34 37 42 12 14 16 17 19 10 11 13 14 15 0 0 0 0 0 
8 9 10 12 12 12 13 15 17 18 13 15 17 18 20 9 10 12 14 15 16 18 21 23 26 23 26 29 31 35 0 0 0 0 0 
22 25 28 30 34 27 30 34 38 41 25 28 32 36 38 0 0 0 0 0 20 22 25 28 32 19 21 24 26 29 8 9 10 11 13 
17 19 22 25 26 0 0 0 0 0 19 21 24 27 28 9 10 12 14 16 24 27 31 34 39 24 27 31 34 39 8 9 10 12 13 
0 0 0 0 0 19 21 24 27 29 25 28 32 35 38 15 17 19 21 22 19 21 24 27 29 20 23 26 28 33 25 28 32 35 40 
34 1552 6
26 29 33 37 39 24 27 30 33 37 8 9 11 13 13 16 18 20 23 24 19 21 24 27 28 0 0 0 0 0 11 12 14 16 17 
0 0 0 0 0 16 18 21 24 27 15 17 19 21 23 11 12 14 16 16 20 23 26 29 31 19 21 24 26 30 12 13 15 17 19 
14 16 18 19 21 8 9 10 12 12 15 17 19 20 22 24 27 31 35 37 14 16 18 19 23 0 0 0 0 0 12 13 15 16 18 
20 22 25 27 30 20 22 25 27 32 10 11 13 14 16 16 18 20 22 26 11 12 14 16 18 20 23 26 29 32 0 0 0 0 0 
0 0 0 0 0 19 21 24 26 30 25 28 32 36 39 15 17 19 21 22 20 23 26 28 33 16 18 21 23 25 20 22 25 28 32 
0 0 0 0 0 20 23 26 28 31 17 19 22 24 26 12 14 16 17 21 10 11 13 14 17 10 11 13 15 17 16 18 20 23 25 
35 2825 6
21 24 27 29 33 26 29 33 37 41 16 18 20 22 25 0 0 0 0 0 20 23 26 28 31 20 22 25 28 30 16 18 20 23 25 
13 15 17 18 20 27 30 34 38 40 26 29 33 37 40 9 10 12 13 16 17 19 22 25 26 0 0 0 0 0 20 22 25 28 30 
0 0 0 0 0 22 25 28 31 35 25 28 32 35 38 24 27 30 33 36 21 24 27 29 33 8 9 11 13 13 22 25 28 30 34 
19 21 24 26 30 16 18 21 23 27 18 20 23 26 29 16 18 21 23 25 22 25 28 30 33 0 0 0 0 0 12 13 15 17 18 
10 11 13 15 17 12 14 16 17 21 0 0 0 0 0 9 10 12 13 15 23 26 29 31 35 23 26 29 31 34 8 9 10 12 13 
20 22 25 27 31 8 9 10 12 12 17 19 22 25 27 15 17 19 20 23 22 25 28 31 34 18 20 23 25 27 0 0 0 0 0 
36 1120 6
8 9 10 12 14 11 12 14 16 16 0 0 0 0 0 22 25 28 31 34 24 27 31 34 37 20 23 26 28 31 16 18 20 22 25 
12 14 16 18 20 11 12 14 16 16 0 0 0 0 0 15 17 19 21 23 24 27 31 34 37 20 23 26 28 31 10 11 13 15 16 
25 28 32 35 38 18 20 23 26 28 9 10 12 13 14 0 0 0 0 0 11 12 14 15 17 26 29 33 36 41 11 12 14 16 16 
16 18 20 22 24 17 19 22 25 28 18 20 23 26 27 20 22 25 28 31 0 0 0 0 0 12 14 16 17 21 25 28 32 35 38 
20 22 25 27 30 20 23 26 28 31 22 25 28 30 35 24 27 30 34 38 8 9 10 11 14 12 13 15 16 19 0 0 0 0 0 
25 28 32 35 39 16 18 20 23 24 18 20 23 26 29 17 19 22 24 26 9 10 12 14 16 0 0 0 0 0 8 9 10 11 14 
37 1865 4
12 13 15 17 18 16 18 21 23 26 21 24 27 29 34 13 15 17 19 20 0 0 0 0 0 27 30 34 37 41 16 18 21 24 25 
25 28 32 36 38 0 0 0 0 0 21 24 27 30 34 19 21 24 27 29 13 15 17 19 20 24 27 31 35 38 21 24 27 30 33 
9 10 12 13 15 12 13 15 17 19 20 22 25 27 32 26 29 33 36 41 0 0 0 0 0 19 21 24 27 30 15 17 19 21 23 
12 14 16 17 21 8 9 10 11 13 0 0 0 0 0 18 20 23 26 27 16 18 21 24 27 13 15 17 19 21 14 16 18 19 22 
38 1760 6
16 18 21 24 27 26 29 33 37 39 21 24 27 30 32 27 30 34 37 41 20 23 26 28 33 23 26 29 32 34 0 0 0 0 0 
17 19 22 25 26 16 18 20 22 24 12 13 15 16 19 8 9 10 11 14 13 15 17 19 21 0 0 0 0 0 20 23 26 28 32 
9 10 12 13 14 15 17 19 20 23 18 20 23 26 28 13 15 17 18 21 0 0 0 0 0 13 15 17 19 20 16 18 20 23 24 
0 0 0 0 0 12 13 15 17 19 27 30 34 37 41 17 19 22 25 26 24 27 30 33 38 11 12 14 16 17 14 16 18 19 21 
13 15 17 18 20 16 18 20 23 26 24 27 30 33 36 0 0 0 0 0 10 11 13 14 16 13 15 17 19 22 22 25 28 30 33 
20 22 25 27 30 15 17 19 20 22 16 18 21 23 25 16 18 21 23 26 25 28 32 35 39 23 26 29 32 36 0 0 0 0 0 
39 2226 6
25 28 32 36 40 9 10 12 13 16 9 10 12 13 16 18 20 23 25 28 18 20 23 26 29 16 18 20 23 24 0 0 0 0 0 
16 18 21 24 26 20 22 25 27 30 12 14 16 17 20 0 0 0 0 0 20 23 26 28 33 8 9 11 12 13 12 13 15 17 18 
21 24 27 29 32 14 16 18 19 22 27 30 34 37 40 27 30 34 38 41 0 0 0 0 0 20 22 25 27 32 24 27 30 33 36 
25 28 32 35 39 25 28 32 35 39 8 9 10 11 14 0 0 0 0 0 15 17 19 20 23 13 15 17 19 22 12 13 15 17 19 
23 26 29 31 35 21 24 27 29 33 26 29 33 37 40 24 27 30 34 38 0 0 0 0 0 12 13 15 17 18 26 29 33 37 39 
20 22 25 28 30 16 18 20 22 26 16 18 21 24 26 0 0 0 0 0 19 21 24 27 28 21 24 27 29 32 11 12 14 16 18 
40 1978 5
24 27 30 33 38 0 0 0 0 0 8 9 11 13 14 20 23 26 28 33 8 9 10 12 13 16 18 21 23 26 8 9 10 12 14 
21 24 27 29 33 17 19 22 24 28 22 25 28 31 33 11 12 14 16 18 0 0 0 0 0 19 21 24 26 30 24 27 31 34 38 
15 17 19 20 22 10 11 13 14 17 12 13 15 16 19 14 16 18 20 22 23 26 29 32 36 26 29 33 37 39 0 0 0 0 0 
16 18 21 23 26 0 0 0 0 0 13 15 17 18 21 20 22 25 27 31 21 24 27 29 34 8 9 10 12 14 23 26 29 32 34 
0 0 0 0 0 27 30 34 38 40 24 27 30 34 36 16 18 20 23 25 14 16 18 19 21 12 13 15 16 20 8 9 11 12 14 
41 1619 4
8 9 10 12 14 10 11 13 15 16 20 23 26 28 32 0 0 0 0 0 20 22 25 28 32 24 27 31 34 38 8 9 10 11 13 
22 25 28 30 33 20 23 26 29 31 0 0 0 0 0 24 27 31 35 37 16 18 20 22 24 25 28 32 35 40 9 10 12 13 16 
0 0 0 0 0 26 29 33 37 41 9 10 12 14 15 26 29 33 37 41 24 27 31 34 39 19 21 24 27 30 24 27 31 35 39 
17 19 22 24 27 23 26 29 31 35 0 0 0 0 0 25 28 32 35 39 23 26 29 32 35 11 12 14 15 17 13 15 17 19 20 
42 2442 3
17 19 22 24 28 20 22 25 28 32 16 18 20 23 26 0 0 0 0 0 10 11 13 14 17 21 24 27 29 33 8 9 11 13 14 
8 9 10 11 12 9 10 12 14 16 0 0 0 0 0 21 24 27 30 34 12 13 15 17 19 10 11 13 15 16 9 10 12 13 16 
10 11 13 15 16 8 9 11 13 15 20 23 26 28 31 0 0 0 0 0 20 22 25 27 32 18 20 23 25 28 16 18 21 24 26 
43 2673 6
12 13 15 17 20 22 25 28 30 33 23 26 29 32 35 12 13 15 17 19 0 0 0 0 0 18 20 23 25 28 24 27 30 33 36 
0 0 0 0 0 13 15 17 19 21 26 29 33 36 41 23 26 29 32 34 20 22 25 28 32 12 14 16 18 20 24 27 30 33 37 
23 26 29 31 35 20 23 26 29 32 22 25 28 30 35 25 28 32 36 38 8 9 10 11 13 0 0 0 0 0 17 19 22 24 27 
27 30 34 37 40 14 16 18 20 23 24 27 30 34 37 12 14 16 18 20 19 21 24 26 30 0 0 0 0 0 16 18 20 22 25 
25 28 32 36 40 12 13 15 17 19 27 30 34 37 40 0 0 0 0 0 11 12 14 15 17 8 9 10 11 12 11 12 14 15 16 
12 14 16 18 19 11 12 14 15 16 13 15 17 19 20 10 11 13 14 16 8 9 11 13 13 16 18 20 22 24 0 0 0 0 0 
44 1472 4
12 14 16 18 20 10 11 13 14 16 22 25 28 31 34 13 15 17 18 20 18 20 23 25 28 8 9 11 12 15 0 0 0 0 0 
21 24 27 29 32 26 29 33 36 40 16 18 21 24 25 11 12 14 16 18 0 0 0 0 0 20 23 26 29 32 13 15 17 18 21 
20 22 25 27 31 8 9 10 11 13 18 20 23 25 27 16 18 20 22 25 8 9 10 11 12 24 27 30 34 37 0 0 0 0 0 
11 12 14 15 18 18 20 23 25 27 24 27 30 34 38 0 0 0 0 0 9 10 12 13 16 21 24 27 29 34 8 9 10 11 12 
45 1071 5
13 15 17 19 21 22 25 28 30 33 8 9 11 13 15 10 11 13 15 16 0 0 0 0 0 23 26 29 32 35 18 20 23 25 29 
9 10 12 13 14 23 26 29 31 35 13 15 17 19 20 0 0 0 0 0 12 13 15 16 20 24 27 30 33 36 11 12 14 16 16 
27 30 34 38 42 21 24 27 30 33 15 17 19 21 23 11 12 14 15 16 0 0 0 0 0 8 9 11 13 13 13 15 17 19 22 
12 14 16 17 21 20 23 26 29 31 27 30 34 37 42 23 26 29 31 35 24 27 30 33 38 0 0 0 0 0 20 23 26 29 31 
27 30 34 38 42 11 12 14 15 16 13 15 17 18 22 9 10 12 13 15 23 26 29 32 34 0 0 0 0 0 11 12 14 15 18 
46 1782 3
0 0 0 0 0 8 9 10 11 14 16 18 21 24 25 20 22 25 28 31 9 10 12 14 16 8 9 10 12 12 13 15 17 18 20 
0 0 0 0 0 15 17 19 20 22 12 14 16 18 20 20 22 25 27 31 27 30 34 38 40 26 29 33 37 39 24 27 30 33 37 
0 0 0 0 0 14 16 18 19 23 16 18 21 24 25 20 22 25 27 32 11 12 14 16 18 21 24 27 30 32 10 11 13 14 16 
47 2712 5
23 26 29 32 35 21 24 27 30 34 9 10 12 13 14 20 23 26 28 33 0 0 0 0 0 22 25 28 31 35 14 16 18 20 21 
24 27 31 34 38 24 27 30 33 38 21 24 27 29 33 21 24 27 30 34 8 9 11 13 15 0 0 0 0 0 17 19 22 24 27 
20 23 26 28 31 15 17 19 20 23 20 22 25 28 31 24 27 30 33 36 0 0 0 0 0 21 24 27 29 32 25 28 32 35 40 
14 16 18 19 22 12 14 16 17 20 16 18 20 22 24 0 0 0 0 0 12 14 16 17 21 16 18 21 23 26 12 13 15 16 18 
0 0 0 0 0 22 25 28 30 33 15 17 19 20 23 25 28 32 35 39 9 10 12 13 16 24 27 30 34 38 19 21 24 27 30 
48 2819 3
17 19 22 25 28 12 13 15 16 18 20 23 26 28 31 19 21 24 26 28 8 9 11 12 13 12 13 15 16 19 0 0 0 0 0 
19 21 24 27 30 18 20 23 25 27 22 25 28 31 33 17 19 22 24 26 12 14 16 18 20 21 24 27 29 32 0 0 0 0 0 
26 29 33 37 39 9 10 12 13 16 25 28 32 36 40 26 29 33 37 40 25 28 32 36 40 0 0 0 0 0 22 25 28 31 35 
49 1729 4
24 27 30 33 38 25 28 32 36 38 13 15 17 18 20 26 29 33 36 40 20 22 25 28 31 8 9 10 11 14 0 0 0 0 0 
27 30 34 38 40 24 27 30 33 36 16 18 21 24 26 21 24 27 29 33 14 16 18 19 23 0 0 0 0 0 15 17 19 21 23 
12 13 15 16 20 21 24 27 29 32 8 9 10 11 14 24 27 30 33 38 13 15 17 19 21 0 0 0 0 0 9 10 12 14 15 
13 15 17 19 20 17 19 22 25 26 23 26 29 31 36 11 12 14 16 17 0 0 0 0 0 27 30 34 38 42 16 18 20 23 26 
50 1084 4
20 23 26 28 32 22 25 28 30 34 0 0 0 0 0 17 19 22 24 27 20 22 25 28 31 16 18 20 22 25 9 10 12 14 14 
0 0 0 0 0 16 18 20 23 24 27 30 34 38 42 16 18 20 22 24 18 20 23 26 27 18 20 23 26 28 19 21 24 26 29 
16 18 21 23 26 9 10 12 14 15 9 10 12 13 16 21 24 27 30 32 0 0 0 0 0 8 9 10 11 12 24 27 31 34 38 
20 23 26 28 33 27 30 34 37 42 0 0 0 0 0 12 13 15 17 19 22 25 28 31 34 12 13 15 17 20 17 19 22 25 28 
51 2304 3
18 20 23 25 28 23 26 29 32 36 13 15 17 18 20 16 18 20 22 24 0 0 0 0 0 25 28 32 36 40 11 12 14 16 18 
23 26 29 31 36 9 10 12 14 14 19 21 24 27 28 0 0 0 0 0 25 28 32 35 39 11 12 14 15 16 24 27 31 34 37 
21 24 27 30 32 19 21 24 27 29 0 0 0 0 0 22 25 28 31 35 26 29 33 36 40 8 9 11 12 15 14 16 18 19 23 
52 2583 3
15 17 19 21 23 23 26 29 32 35 9 10 12 13 14 0 0 0 0 0 12 13 15 17 20 22 25 28 31 35 15 17 19 21 22 
21 24 27 30 32 0 0 0 0 0 17 19 22 24 27 23 26 29 31 35 12 13 15 17 18 20 23 26 28 32 16 18 20 23 25 
16 18 20 23 26 22 25 28 31 35 23 26 29 31 34 0 0 0 0 0 10 11 13 14 16 12 13 15 17 19 15 17 19 20 23 
53 2957 6
12 14 16 17 20 17 19 22 24 28 24 27 31 35 38 24 27 31 34 37 16 18 21 24 27 0 0 0 0 0 26 29 33 36 40 
8 9 11 12 14 24 27 30 34 37 16 18 21 23 26 21 24 27 30 34 10 11 13 14 16 23 26 29 32 36 0 0 0 0 0 
13 15 17 19 21 0 0 0 0 0 8 9 10 11 13 8 9 11 12 14 11 12 14 15 18 27 30 34 37 42 23 26 29 32 35 
17 19 22 25 26 12 14 16 18 19 0 0 0 0 0 26 29 33 37 40 8 9 10 11 12 12 13 15 17 18 17 19 22 25 26 
0 0 0 0 0 8 9 11 12 15 16 18 21 23 26 12 14 16 18 21 20 23 26 29 31 24 27 31 34 37 23 26 29 32 34 
8 9 10 12 14 9 10 12 13 16 0 0 0 0 0 19 21 24 26 28 12 13 15 17 19 20 23 26 29 31 8 9 11 12 13 
54 2644 3
10 11 13 15 16 11 12 14 16 16 9 10 12 14 15 0 0 0 0 0 9 10 12 14 16 13 15 17 18 20 20 23 26 29 31 
23 26 29 32 34 17 19 22 25 28 16 18 20 22 25 0 0 0 0 0 10 11 13 15 15 21 24 27 30 32 8 9 11 13 13 
13 15 17 18 20 0 0 0 0 0 20 22 25 27 31 8 9 11 12 14 9 10 12 14 14 22 25 28 30 35 20 22 25 28 31 
55 2322 5
15 17 19 21 23 0 0 0 0 0 16 18 21 23 25 21 24 27 30 33 21 24 27 29 33 19 21 24 27 28 26 29 33 37 39 
16 18 20 23 25 23 26 29 31 35 16 18 20 23 26 0 0 0 0 0 25 28 32 36 40 27 30 34 37 40 26 29 33 37 41 
20 22 25 27 30 14 16 18 19 21 16 18 21 23 26 20 22 25 27 30 0 0 0 0 0 24 27 30 34 37 12 14 16 17 21 
17 19 22 25 27 0 0 0 0 0 16 18 21 23 27 25 28 32 35 40 16 18 20 22 26 12 13 15 16 19 11 12 14 16 16 
23 26 29 31 34 19 21 24 27 30 0 0 0 0 0 12 14 16 17 19 18 20 23 25 29 11 12 14 16 16 26 29 33 37 39 
56 1272 4
11 12 14 15 16 12 14 16 18 19 9 10 12 14 14 20 22 25 28 30 21 24 27 29 32 21 24 27 29 32 0 0 0 0 0 
17 19 22 25 26 14 16 18 19 22 13 15 17 18 21 12 13 15 17 19 0 0 0 0 0 12 14 16 17 20 9 10 12 14 14 
0 0 0 0 0 24 27 31 35 37 16 18 20 22 24 24 27 31 35 37 13 15 17 19 22 25 28 32 36 39 9 10 12 14 16 
8 9 11 12 15 8 9 10 11 13 0 0 0 0 0 23 26 29 32 35 25 28 32 35 38 8 9 11 13 15 14 16 18 20 23 
57 2466 5
15 17 19 20 24 9 10 12 13 16 20 23 26 28 31 12 14 16 18 20 24 27 30 33 36 0 0 0 0 0 27 30 34 37 41 
10 11 13 14 15 24 27 30 34 37 17 19 22 25 27 20 22 25 28 31 0 0 0 0 0 27 30 34 38 40 22 25 28 30 34 
16 18 20 23 24 8 9 11 13 15 11 12 14 16 17 0 0 0 0 0 18 20 23 26 29 23 26 29 31 34 20 23 26 29 32 
14 16 18 19 22 10 11 13 14 16 16 18 20 23 26 21 24 27 30 33 27 30 34 38 41 0 0 0 0 0 21 24 27 30 32 
0 0 0 0 0 20 23 26 28 33 15 17 19 20 23 13 15 17 18 21 22 25 28 30 34 21 24 27 29 34 16 18 20 22 24 
58 1290 3
11 12 14 16 16 0 0 0 0 0 22 25 28 30 35 16 18 21 24 27 15 17 19 21 24 25 28 32 35 38 18 20 23 26 29 
16 18 21 23 27 9 10 12 13 14 0 0 0 0 0 8 9 11 13 13 17 19 22 24 27 19 21 24 26 28 19 21 24 26 28 
21 24 27 29 32 27 30 34 37 42 15 17 19 20 24 20 22 25 28 30 0 0 0 0 0 15 17 19 20 22 14 16 18 19 23 
59 1060 3
19 21 24 26 30 0 0 0 0 0 18 20 23 25 27 16 18 20 22 25 27 30 34 38 41 20 23 26 29 32 24 27 30 34 36 
27 30 34 38 41 21 24 27 30 32 21 24 27 30 34 17 19 22 24 26 0 0 0 0 0 9 10 12 13 16 20 23 26 29 31 
26 29 33 37 40 16 18 20 22 26 26 29 33 37 40 20 22 25 28 30 8 9 11 12 14 0 0 0 0 0 21 24 27 30 32 
60 1828 4
27 30 34 38 40 18 20 23 26 27 16 18 20 23 24 8 9 11 12 14 20 22 25 28 31 0 0 0 0 0 24 27 31 34 38 
24 27 30 33 37 20 23 26 29 31 8 9 11 12 14 8 9 10 11 14 23 26 29 31 35 21 24 27 30 33 0 0 0 0 0 
20 23 26 28 32 18 20 23 26 29 27 30 34 38 40 27 30 34 38 41 13 15 17 19 20 0 0 0 0 0 24 27 31 35 39 
25 28 32 35 38 15 17 19 20 22 27 30 34 38 41 15 17 19 20 22 21 24 27 30 34 0 0 0 0 0 20 22 25 28 32 
61 1450 3
11 12 14 15 17 16 18 21 24 27 13 15 17 19 21 0 0 0 0 0 25 28 32 35 40 25 28 32 36 39 19 21 24 27 30 
11 12 14 15 18 26 29 33 36 40 0 0 0 0 0 9 10 12 13 15 12 13 15 16 19 24 27 30 33 37 10 11 13 15 17 
15 17 19 21 24 0 0 0 0 0 20 22 25 28 31 18 20 23 25 27 24 27 31 35 37 21 24 27 29 32 20 22 25 27 31 
62 1995 3
20 23 26 28 32 0 0 0 0 0 15 17 19 21 24 12 14 16 17 21 14 16 18 19 22 19 21 24 27 30 25 28 32 35 40 
17 19 22 24 28 10 11 13 14 15 18 20 23 25 27 18 20 23 25 27 24 27 30 34 36 0 0 0 0 0 19 21 24 26 29 
26 29 33 37 41 18 20 23 26 29 8 9 10 11 14 26 29 33 37 39 8 9 11 13 14 0 0 0 0 0 18 20 23 26 28 
63 2938 6
24 27 31 34 39 13 15 17 19 21 16 18 20 23 26 16 18 20 22 26 0 0 0 0 0 10 11 13 15 16 12 13 15 16 18 
16 18 21 24 27 11 12 14 16 17 15 17 19 21 24 10 11 13 15 17 0 0 0 0 0 8 9 11 12 14 10 11 13 14 17 
15 17 19 20 22 15 17 19 21 24 0 0 0 0 0 12 13 15 16 19 12 14 16 17 20 25 28 32 35 40 23 26 29 31 36 
25 28 32 35 38 11 12 14 16 16 12 13 15 16 20 18 20 23 25 28 0 0 0 0 0 14 16 18 20 21 18 20 23 25 27 
19 21 24 26 30 24 27 31 35 38 24 27 30 33 36 22 25 28 31 35 17 19 22 24 26 16 18 21 23 27 0 0 0 0 0 
17 19 22 24 27 25 28 32 35 39 23 26 29 31 34 0 0 0 0 0 26 29 33 37 41 10 11 13 15 17 13 15 17 19 20 
64 1602 5
19 21 24 27 30 0 0 0 0 0 25 28 32 36 38 16 18 21 24 25 16 18 21 23 26 14 16 18 19 23 22 25 28 30 35 
0 0 0 0 0 22 25 28 30 33 20 23 26 28 32 16 18 21 23 25 11 12 14 15 17 22 25 28 31 34 18 20 23 25 27 
11 12 14 15 18 8 9 11 13 13 0 0 0 0 0 20 22 25 27 31 21 24 27 29 32 12 13 15 17 19 17 19 22 25 28 
25 28 32 35 39 26 29 33 37 41 27 30 34 38 41 21 24 27 29 34 20 22 25 28 31 16 18 20 23 26 0 0 0 0 0 
19 21 24 27 28 13 15 17 19 22 12 14 16 18 20 0 0 0 0 0 12 13 15 16 20 10 11 13 14 17 20 22 25 27 32 
65 1916 3
24 27 31 34 39 11 12 14 16 18 20 22 25 27 32 12 14 16 17 19 0 0 0 0 0 9 10 12 14 14 21 24 27 30 33 
24 27 30 34 36 24 27 31 35 37 0 0 0 0 0 21 24 27 30 32 24 27 30 33 36 19 21 24 27 29 12 14 16 18 19 
12 13 15 16 18 27 30 34 38 42 0 0 0 0 0 25 28 32 36 40 26 29 33 36 39 14 16 18 19 21 11 12 14 16 16 
66 2204 4
27 30 34 37 40 16 18 21 24 27 20 22 25 28 30 18 20 23 25 27 24 27 30 34 38 19 21 24 27 30 0 0 0 0 0 
15 17 19 20 24 11 12 14 15 18 16 18 20 23 25 20 22 25 28 32 0 0 0 0 0 19 21 24 26 29 20 23 26 29 33 
19 21 24 26 28 15 17 19 21 22 10 11 13 15 16 17 19 22 25 26 10 11 13 15 15 11 12 14 15 18 0 0 0 0 0 
19 21 24 26 29 25 28 32 35 40 0 0 0 0 0 16 18 20 23 26 24 27 30 34 37 13 15 17 19 22 25 28 32 35 40 
67 1228 3
24 27 31 34 38 18 20 23 25 29 26 29 33 36 41 25 28 32 36 40 0 0 0 0 0 9 10 12 13 16 23 26 29 32 36 
19 21 24 26 30 12 13 15 17 20 9 10 12 14 16 10 11 13 14 16 18 20 23 25 28 0 0 0 0 0 14 16 18 20 21 
23 26 29 31 35 18 20 23 25 29 0 0 0 0 0 23 26 29 32 35 8 9 10 12 13 16 18 20 22 24 10 11 13 15 16 
68 2109 3
12 14 16 17 21 8 9 11 13 14 20 22 25 27 32 11 12 14 15 18 21 24 27 30 34 26 29 33 37 41 0 0 0 0 0 
8 9 11 12 13 8 9 11 12 15 9 10 12 13 15 0 0 0 0 0 12 13 15 17 20 13 15 17 18 22 22 25 28 30 33 
0 0 0 0 0 24 27 30 33 38 9 10 12 13 14 8 9 10 12 12 26 29 33 37 39 16 18 21 24 25 21 24 27 29 32 
69 2389 3
21 24 27 30 34 27 30 34 37 40 14 16 18 20 23 18 20 23 25 29 0 0 0 0 0 8 9 10 11 14 17 19 22 25 27 
25 28 32 35 40 8 9 11 13 14 0 0 0 0 0 11 12 14 16 18 12 13 15 17 18 19 21 24 26 30 14 16 18 20 21 
13 15 17 18 20 20 23 26 29 31 21 24 27 30 34 23 26 29 31 36 0 0 0 0 0 19 21 24 27 30 20 23 26 28 33 
70 1734 3
21 24 27 29 34 0 0 0 0 0 21 24 27 29 33 21 24 27 30 32 21 24 27 30 33 20 23 26 28 31 9 10 12 14 16 
12 14 16 18 21 14 16 18 19 23 8 9 10 11 12 8 9 11 13 13 11 12 14 15 17 0 0 0 0 0 27 30 34 38 42 
13 15 17 19 22 18 20 23 26 27 14 16 18 19 23 0 0 0 0 0 15 17 19 21 23 9 10 12 14 16 21 24 27 30 33 
71 2428 5
20 22 25 27 31 11 12 14 16 18 20 22 25 27 30 17 19 22 24 27 12 14 16 18 19 12 13 15 17 18 0 0 0 0 0 
24 27 31 35 37 0 0 0 0 0 18 20 23 26 27 9 10 12 14 16 11 12 14 15 16 21 24 27 30 34 16 18 20 23 25 
12 13 15 16 18 14 16 18 19 23 0 0 0 0 0 20 23 26 29 31 27 30 34 37 40 8 9 10 12 14 20 23 26 28 33 
24 27 30 34 37 13 15 17 19 20 0 0 0 0 0 10 11 13 14 15 16 18 21 23 25 12 14 16 17 19 22 25 28 30 34 
8 9 11 13 13 19 21 24 26 28 22 25 28 31 35 0 0 0 0 0 14 16 18 20 23 18 20 23 25 28 27 30 34 37 40 
72 2740 3
17 19 22 24 26 21 24 27 29 34 16 18 21 24 27 24 27 30 33 38 0 0 0 0 0 13 15 17 19 20 16 18 20 23 24 
19 21 24 27 29 18 20 23 26 29 0 0 0 0 0 16 18 21 23 26 22 25 28 30 34 11 12 14 15 17 18 20 23 26 27 
9 10 12 14 16 20 22 25 28 31 14 16 18 19 21 18 20 23 26 28 12 14 16 17 20 13 15 17 19 22 0 0 0 0 0 
73 1419 3
19 21 24 26 30 15 17 19 20 22 15 17 19 21 23 27 30 34 38 40 20 23 26 28 32 0 0 0 0 0 18 20 23 26 28 
24 27 30 33 36 21 24 27 29 33 17 19 22 24 26 0 0 0 0 0 12 13 15 17 20 12 14 16 17 19 16 18 20 23 24 
16 18 20 22 25 0 0 0 0 0 26 29 33 37 41 11 12 14 16 16 15 17 19 21 24 15 17 19 20 24 15 17 19 20 24 
74 1217 6
8 9 10 11 14 27 30 34 37 41 0 0 0 0 0 22 25 28 30 35 27 30 34 38 40 19 21 24 27 30 26 29 33 36 39 
21 24 27 30 34 12 13 15 16 19 19 21 24 27 29 18 20 23 25 28 13 15 17 19 21 0 0 0 0 0 8 9 11 12 15 
12 13 15 16 18 24 27 31 35 37 0 0 0 0 0 21 24 27 29 33 12 13 15 17 20 8 9 10 12 12 20 23 26 28 31 
12 13 15 17 19 20 22 25 28 30 20 22 25 27 32 17 19 22 25 28 0 0 0 0 0 12 14 16 18 19 13 15 17 18 20 
8 9 11 13 15 19 21 24 26 30 12 13 15 17 19 0 0 0 0 0 14 16 18 20 22 24 27 31 34 38 10 11 13 15 15 
20 23 26 29 33 27 30 34 37 42 0 0 0 0 0 22 25 28 30 35 23 26 29 31 35 18 20 23 26 29 24 27 31 34 38 
75 2001 4
23 26 29 32 36 15 17 19 20 24 15 17 19 20 23 11 12 14 15 17 0 0 0 0 0 11 12 14 16 16 22 25 28 31 35 
15 17 19 20 22 14 16 18 19 23 0 0 0 0 0 23 26 29 32 34 19 21 24 27 30 16 18 21 24 25 8 9 10 11 14 
27 30 34 37 41 0 0 0 0 0 17 19 22 25 27 20 22 25 28 30 15 17 19 20 22 12 13 15 16 20 17 19 22 24 26 
27 30 34 37 41 20 22 25 27 32 11 12 14 15 18 24 27 31 35 39 16 18 20 22 26 0 0 0 0 0 22 25 28 30 35 
76 2420 4
10 11 13 14 16 13 15 17 18 22 24 27 31 35 38 15 17 19 21 23 0 0 0 0 0 22 25 28 31 34 8 9 11 12 15 
22 25 28 30 33 18 20 23 26 27 20 23 26 28 33 21 24 27 30 34 24 27 30 33 37 0 0 0 0 0 27 30 34 38 41 
24 27 30 34 38 8 9 10 12 13 24 27 30 33 37 0 0 0 0 0 12 13 15 17 20 22 25 28 31 34 27 30 34 38 40 
0 0 0 0 0 26 29 33 37 40 17 19 22 24 27 18 20 23 25 28 24 27 30 33 36 9 10 12 13 16 8 9 10 11 12 
77 1876 3
0 0 0 0 0 21 24 27 29 34 24 27 30 33 36 8 9 11 12 14 8 9 11 13 15 10 11 13 14 17 22 25 28 30 34 
12 13 15 17 18 20 22 25 28 30 12 14 16 17 21 20 22 25 27 31 0 0 0 0 0 14 16 18 19 22 19 21 24 27 30 
19 21 24 26 30 24 27 31 35 37 11 12 14 16 18 12 14 16 18 21 8 9 10 11 13 8 9 11 12 13 0 0 0 0 0 
78 1065 5
11 12 14 15 18 27 30 34 37 40 19 21 24 27 28 0 0 0 0 0 23 26 29 32 35 18 20 23 25 29 26 29 33 36 41 
21 24 27 30 34 10 11 13 15 16 20 22 25 27 32 24 27 31 35 39 27 30 34 37 42 8 9 11 13 13 0 0 0 0 0 
9 10 12 14 14 25 28 32 35 38 16 18 20 22 26 16 18 20 23 25 12 13 15 16 20 21 24 27 30 33 0 0 0 0 0 
12 13 15 17 20 26 29 33 36 41 27 30 34 37 40 21 24 27 30 34 0 0 0 0 0 27 30 34 37 42 26 29 33 37 39 
26 29 33 36 41 13 15 17 19 20 13 15 17 18 20 0 0 0 0 0 18 20 23 26 27 16 18 21 23 27 11 12 14 15 17 
79 1464 3
23 26 29 31 36 24 27 31 35 37 0 0 0 0 0 11 12 14 16 16 16 18 20 23 26 24 27 30 34 37 26 29 33 37 41 
25 28 32 35 38 22 25 28 31 33 0 0 0 0 0 8 9 10 11 12 9 10 12 14 15 18 20 23 26 27 25 28 32 36 39 
0 0 0 0 0 26 29 33 37 39 12 13 15 16 19 24 27 30 34 38 25 28 32 36 40 8 9 10 11 13 17 19 22 25 28 
80 1216 4
0 0 0 0 0 26 29 33 36 39 8 9 11 12 13 27 30 34 37 40 18 20 23 26 28 9 10 12 13 15 25 28 32 35 40 
0 0 0 0 0 9 10 12 13 15 26 29 33 37 40 13 15 17 19 22 22 25 28 30 34 20 22 25 28 31 23 26 29 32 35 
25 28 32 36 39 27 30 34 38 42 9 10 12 14 16 27 30 34 38 40 18 20 23 26 29 0 0 0 0 0 21 24 27 29 33 
12 14 16 17 19 17 19 22 25 26 12 14 16 18 19 20 23 26 28 31 0 0 0 0 0 18 20 23 25 29 8 9 11 13 15 
81 1417 4
10 11 13 14 16 0 0 0 0 0 19 21 24 26 28 22 25 28 30 33 12 14 16 18 21 26 29 33 36 39 20 23 26 28 32 
19 21 24 27 28 17 19 22 24 26 25 28 32 36 38 18 20 23 25 29 21 24 27 29 34 0 0 0 0 0 9 10 12 14 14 
13 15 17 18 22 14 16 18 20 21 22 25 28 30 34 17 19 22 25 26 11 12 14 16 18 0 0 0 0 0 12 13 15 17 20 
13 15 17 18 22 24 27 31 34 39 8 9 11 13 13 15 17 19 21 22 12 14 16 18 19 0 0 0 0 0 25 28 32 35 39 
82 2719 3
16 18 20 23 26 8 9 10 11 12 24 27 31 34 39 0 0 0 0 0 21 24 27 30 33 15 17 19 21 24 18 20 23 25 28 
24 27 30 33 37 14 16 18 19 23 10 11 13 14 17 26 29 33 37 41 19 21 24 27 28 19 21 24 26 28 0 0 0 0 0 
19 21 24 27 28 21 24 27 29 33 25 28 32 36 39 24 27 30 34 37 0 0 0 0 0 9 10 12 13 14 9 10 12 13 16 
83 2704 4
22 25 28 31 33 12 14 16 17 19 27 30 34 38 40 12 13 15 16 18 8 9 10 12 14 0 0 0 0 0 24 27 31 35 39 
26 29 33 37 39 9 10 12 14 14 11 12 14 15 17 0 0 0 0 0 24 27 30 34 38 21 24 27 30 34 9 10 12 13 14 
16 18 20 22 26 0 0 0 0 0 10 11 13 14 17 24 27 31 35 37 19 21 24 26 29 9 10 12 13 16 10 11 13 14 15 
16 18 21 23 27 0 0 0 0 0 16 18 20 22 26 16 18 20 23 24 12 14 16 17 20 10 11 13 14 16 26 29 33 36 40 
84 2704 3
8 9 10 11 12 8 9 11 13 15 16 18 20 22 25 0 0 0 0 0 18 20 23 25 28 20 22 25 27 30 12 13 15 17 20 
26 29 33 37 40 16 18 20 22 25 0 0 0 0 0 20 23 26 29 31 21 24 27 29 32 25 28 32 35 40 16 18 21 23 27 
24 27 31 35 38 21 24 27 29 32 17 19 22 24 26 14 16 18 19 21 9 10 12 14 14 0 0 0 0 0 10 11 13 14 17 
85 1316 3
24 27 31 34 37 17 19 22 24 28 16 18 21 23 25 20 23 26 28 33 23 26 29 32 34 26 29 33 36 41 0 0 0 0 0 
16 18 20 22 24 13 15 17 18 20 0 0 0 0 0 25 28 32 36 40 20 22 25 27 32 27 30 34 37 42 14 16 18 19 23 
20 22 25 28 30 0 0 0 0 0 12 13 15 17 20 26 29 33 36 40 8 9 11 12 13 13 15 17 18 20 25 28 32 35 38 
86 2614 6
13 15 17 18 21 23 26 29 32 34 8 9 10 12 13 9 10 12 14 16 0 0 0 0 0 10 11 13 15 15 9 10 12 13 14 
0 0 0 0 0 16 18 20 23 24 9 10 12 14 15 8 9 10 12 14 14 16 18 20 22 26 29 33 37 39 16 18 21 23 27 
11 12 14 16 18 0 0 0 0 0 16 18 21 24 27 27 30 34 38 40 25 28 32 35 39 18 20 23 25 27 26 29 33 36 39 
13 15 17 18 21 23 26 29 32 36 24 27 31 34 39 18 20 23 25 27 8 9 11 12 15 0 0 0 0 0 22 25 28 30 34 
24 27 31 34 39 18 20 23 25 28 12 14 16 17 21 0 0 0 0 0 12 13 15 17 18 11 12 14 15 17 16 18 20 22 24 
12 13 15 17 18 0 0 0 0 0 27 30 34 37 41 20 22 25 27 30 13 15 17 18 21 17 19 22 25 26 19 21 24 26 28 
87 2772 4
10 11 13 14 17 18 20 23 25 29 8 9 11 13 13 13 15 17 18 22 27 30 34 37 42 0 0 0 0 0 15 17 19 20 24 
21 24 27 29 32 20 22 25 27 31 11 12 14 15 17 19 21 24 27 28 0 0 0 0 0 12 13 15 16 20 13 15 17 18 21 
23 26 29 32 35 0 0 0 0 0 20 23 26 28 33 27 30 34 37 42 8 9 11 12 15 9 10 12 13 14 8 9 11 12 13 
22 25 28 31 34 0 0 0 0 0 20 23 26 28 33 9 10 12 13 15 17 19 22 25 26 23 26 29 31 34 23 26 29 32 34 
88 2512 6
14 16 18 19 21 24 27 31 34 39 16 18 21 24 27 8 9 10 11 13 0 0 0 0 0 16 18 20 23 24 11 12 14 16 18 
16 18 21 24 26 0 0 0 0 0 12 13 15 16 19 12 14 16 17 20 8 9 10 12 12 20 23 26 28 32 26 29 33 37 41 
16 18 21 23 26 20 23 26 29 32 18 20 23 25 28 16 18 20 22 24 12 14 16 18 20 17 19 22 24 28 0 0 0 0 0 
18 20 23 25 29 23 26 29 32 35 15 17 19 21 24 20 23 26 28 33 0 0 0 0 0 8 9 10 12 14 16 18 20 23 26 
8 9 10 12 12 0 0 0 0 0 21 24 27 30 34 8 9 10 12 14 16 18 21 24 27 17 19 22 25 26 19 21 24 27 28 
0 0 0 0 0 20 22 25 27 30 20 22 25 28 30 13 15 17 19 20 22 25 28 31 35 16 18 21 24 27 19 21 24 26 28 
89 2431 6
0 0 0 0 0 20 22 25 28 31 23 26 29 31 34 26 29 33 37 39 16 18 20 23 25 10 11 13 15 17 12 13 15 17 19 
18 20 23 26 27 22 25 28 30 34 14 16 18 20 22 12 14 16 18 19 14 16 18 20 21 0 0 0 0 0 20 22 25 27 30 
8 9 11 13 15 16 18 20 22 24 13 15 17 18 21 15 17 19 21 23 23 26 29 32 36 0 0 0 0 0 19 21 24 26 28 
0 0 0 0 0 11 12 14 16 17 19 21 24 26 30 14 16 18 20 21 12 13 15 16 18 8 9 11 13 13 26 29 33 36 39 
12 14 16 17 21 19 21 24 27 29 11 12 14 16 17 0 0 0 0 0 12 13 15 17 18 16 18 21 24 26 19 21 24 27 29 
22 25 28 31 34 8 9 11 12 15 15 17 19 20 22 0 0 0 0 0 13 15 17 19 22 22 25 28 31 33 27 30 34 37 42 
90 2851 3
23 26 29 31 35 20 22 25 27 31 0 0 0 0 0 8 9 11 13 14 25 28 32 35 38 27 30 34 37 40 13 15 17 19 22 
18 20 23 25 27 27 30 34 37 41 0 0 0 0 0 27 30 34 37 42 12 13 15 16 19 21 24 27 30 32 15 17 19 20 23 
25 28 32 36 40 24 27 30 34 37 10 11 13 14 16 14 16 18 19 23 12 14 16 17 19 20 23 26 28 31 0 0 0 0 0 
91 2536 5
8 9 11 12 14 11 12 14 16 17 27 30 34 38 42 0 0 0 0 0 23 26 29 32 35 9 10 12 14 15 16 18 20 22 26 
10 11 13 14 17 22 25 28 31 33 24 27 31 35 38 26 29 33 36 40 27 30 34 38 42 12 14 16 18 19 0 0 0 0 0 
19 21 24 27 30 18 20 23 25 28 26 29 33 36 40 26 29 33 37 39 8 9 11 12 15 0 0 0 0 0 14 16 18 20 22 
12 14 16 17 19 17 19 22 24 28 25 28 32 35 38 27 30 34 37 42 12 13 15 16 19 21 24 27 30 34 0 0 0 0 0 
21 24 27 29 33 26 29 33 37 40 0 0 0 0 0 8 9 10 11 14 24 27 31 35 38 18 20 23 25 29 12 14 16 17 20 
92 2274 3
13 15 17 18 22 12 14 16 17 19 8 9 11 13 13 0 0 0 0 0 23 26 29 32 36 26 29 33 37 40 24 27 30 33 36 
9 10 12 13 14 17 19 22 25 27 14 16 18 19 22 0 0 0 0 0 27 30 34 37 41 23 26 29 32 36 22 25 28 30 35 
11 12 14 15 17 12 14 16 18 21 16 18 20 23 26 0 0 0 0 0 27 30 34 37 41 12 14 16 17 21 15 17 19 20 24 
93 2606 6
22 25 28 31 34 10 11 13 15 17 0 0 0 0 0 17 19 22 24 27 15 17 19 21 22 13 15 17 18 22 16 18 21 24 27 
9 10 12 13 15 24 27 30 33 36 0 0 0 0 0 11 12 14 16 18 10 11 13 14 16 8 9 10 12 13 27 30 34 38 42 
22 25 28 30 33 0 0 0 0 0 12 14 16 17 21 15 17 19 21 23 26 29 33 36 41 22 25 28 31 34 13 15 17 18 21 
24 27 31 35 38 0 0 0 0 0 24 27 31 34 38 21 24 27 29 32 16 18 21 23 26 25 28 32 35 39 23 26 29 32 35 
17 19 22 24 26 21 24 27 30 33 0 0 0 0 0 27 30 34 38 41 25 28 32 36 38 23 26 29 32 36 9 10 12 14 16 
10 11 13 15 17 8 9 10 11 14 27 30 34 37 40 19 21 24 27 30 15 17 19 21 24 0 0 0 0 0 25 28 32 35 39 
94 1985 4
14 16 18 19 22 11 12 14 15 17 19 21 24 26 30 21 24 27 29 34 17 19 22 25 28 0 0 0 0 0 8 9 11 12 14 
0 0 0 0 0 19 21 24 27 29 11 12 14 15 17 8 9 10 11 14 20 22 25 28 30 10 11 13 15 15 8 9 10 11 14 
21 24 27 30 32 25 28 32 35 40 15 17 19 21 22 0 0 0 0 0 8 9 11 12 15 23 26 29 32 35 24 27 30 33 36 
8 9 10 11 12 0 0 0 0 0 9 10 12 14 14 15 17 19 20 24 15 17 19 21 24 8 9 11 12 15 14 16 18 19 21 
95 1621 5
0 0 0 0 0 25 28 32 35 40 11 12 14 15 16 12 14 16 18 19 26 29 33 36 39 24 27 31 34 39 12 14 16 18 19 
19 21 24 26 30 23 26 29 31 36 11 12 14 15 16 23 26 29 31 35 0 0 0 0 0 26 29 33 37 39 9 10 12 14 16 
21 24 27 30 32 16 18 21 24 25 16 18 20 23 26 19 21 24 27 30 0 0 0 0 0 26 29 33 37 41 14 16 18 20 21 
22 25 28 30 35 12 13 15 16 19 21 24 27 29 32 21 24 27 30 32 15 17 19 20 23 0 0 0 0 0 13 15 17 19 20 
10 11 13 15 16 16 18 20 22 26 0 0 0 0 0 14 16 18 19 23 12 13 15 16 19 22 25 28 31 35 10 11 13 14 15 
96 2429 6
10 11 13 14 17 24 27 30 34 38 0 0 0 0 0 24 27 31 35 37 26 29 33 36 40 16 18 20 22 24 27 30 34 37 40 
20 23 26 28 33 20 23 26 28 31 24 27 31 35 38 19 21 24 26 30 12 14 16 18 19 0 0 0 0 0 14 16 18 19 23 
0 0 0 0 0 27 30 34 37 40 26 29 33 36 41 14 16 18 20 23 14 16 18 20 22 23 26 29 31 35 14 16 18 20 23 
14 16 18 20 23 23 26 29 32 36 14 16 18 19 22 11 12 14 16 17 12 14 16 18 21 24 27 31 35 37 0 0 0 0 0 
0 0 0 0 0 9 10 12 13 15 15 17 19 21 22 11 12 14 16 17 27 30 34 37 42 16 18 20 22 24 22 25 28 30 33 
23 26 29 31 36 20 23 26 28 31 12 14 16 18 19 0 0 0 0 0 24 27 30 34 37 27 30 34 38 41 18 20 23 25 28 
97 1238 5
0 0 0 0 0 25 28 32 35 40 21 24 27 30 33 21 24 27 29 33 13 15 17 18 22 27 30 34 37 42 10 11 13 14 15 
27 30 34 38 40 9 10 12 14 14 9 10 12 13 16 24 27 31 35 37 0 0 0 0 0 12 13 15 16 18 21 24 27 29 34 
22 25 28 30 34 26 29 33 36 40 15 17 19 21 24 9 10 12 14 16 0 0 0 0 0 14 16 18 19 22 26 29 33 37 40 
25 28 32 36 40 16 18 20 23 25 18 20 23 25 28 24 27 30 33 36 16 18 21 23 27 0 0 0 0 0 22 25 28 30 33 
0 0 0 0 0 8 9 10 11 12 20 22 25 28 30 8 9 11 13 13 15 17 19 21 24 18 20 23 26 27 24 27 31 35 38 
98 2157 3
8 9 11 13 13 10 11 13 15 17 0 0 0 0 0 16 18 21 24 25 11 12 14 15 18 20 23 26 28 32 13 15 17 18 22 
9 10 12 13 14 16 18 20 22 24 22 25 28 31 35 18 20 23 26 28 0 0 0 0 0 16 18 21 23 27 10 11 13 15 15 
14 16 18 20 21 20 23 26 28 31 8 9 11 13 14 26 29 33 36 39 20 22 25 27 32 0 0 0 0 0 13 15 17 19 20 
99 2465 3
12 13 15 17 18 8 9 10 12 12 19 21 24 27 30 23 26 29 31 36 0 0 0 0 0 20 23 26 29 32 24 27 31 35 39 
16 18 20 23 24 25 28 32 35 40 23 26 29 32 36 20 22 25 27 32 8 9 11 12 14 0 0 0 0 0 14 16 18 20 22 
22 25 28 30 33 0 0 0 0 0 17 19 22 24 26 21 24 27 30 32 20 23 26 29 31 14 16 18 20 22 21 24 27 29 33 
0 1284 192 102 36 
1 1450 189 190 102 
2 1068 184 27 12 
3 1450 131 74 15 
4 1067 130 165 69 
5 1107 59 51 89 
6 1405 120 38 92 
17 50 8000 20000 0.52 0.78 30 5000 750 12500 0.43 0.49 900 10000 9746 5493 21 2.062
