80 10
0 1527 7
22 25 28 30 33 12 13 15 17 18 0 0 0 0 0 9 10 12 14 16 14 16 18 19 23 22 25 28 31 33 20 22 25 28 32 14 16 18 20 22 23 26 29 31 36 8 9 11 13 14 
8 9 10 11 14 0 0 0 0 0 12 14 16 18 19 24 27 30 34 36 24 27 30 34 38 10 11 13 15 17 11 12 14 15 16 13 15 17 18 20 17 19 22 25 27 12 13 15 16 18 
27 30 34 37 42 25 28 32 35 40 0 0 0 0 0 18 20 23 25 28 24 27 30 33 37 23 26 29 31 36 12 14 16 17 21 21 24 27 29 34 10 11 13 15 17 11 12 14 15 18 
24 27 30 34 36 21 24 27 29 32 16 18 20 23 26 12 13 15 16 19 23 26 29 31 34 0 0 0 0 0 25 28 32 36 38 20 23 26 28 33 9 10 12 13 16 15 17 19 21 23 
0 0 0 0 0 25 28 32 36 39 13 15 17 18 22 21 24 27 29 34 26 29 33 37 41 24 27 30 33 36 24 27 31 35 38 17 19 22 25 28 16 18 20 23 26 18 20 23 25 29 
22 25 28 30 34 9 10 12 14 14 27 30 34 37 41 24 27 30 33 36 13 15 17 18 20 23 26 29 31 35 24 27 31 34 39 24 27 30 33 36 0 0 0 0 0 22 25 28 30 33 
16 18 20 23 24 20 22 25 27 31 20 22 25 27 31 25 28 32 36 40 19 21 24 26 28 8 9 10 12 12 0 0 0 0 0 18 20 23 26 28 16 18 20 22 25 9 10 12 14 14 
1 1087 6
8 9 10 12 14 18 20 23 25 29 24 27 31 34 38 11 12 14 15 17 24 27 30 34 36 16 18 20 23 26 16 18 20 22 25 0 0 0 0 0 12 13 15 17 18 9 10 12 14 15 
15 17 19 20 22 19 21 24 27 28 10 11 13 14 15 17 19 22 24 28 0 0 0 0 0 27 30 34 38 41 15 17 19 20 24 19 21 24 26 30 24 27 30 33 38 26 29 33 37 40 
24 27 31 34 37 11 12 14 16 16 26 29 33 37 40 25 28 32 35 38 24 27 31 34 39 8 9 10 11 14 0 0 0 0 0 27 30 34 38 42 13 15 17 18 22 18 20 23 25 29 
16 18 20 23 24 27 30 34 38 42 12 14 16 17 21 0 0 0 0 0 16 18 21 23 26 23 26 29 31 34 20 23 26 29 33 26 29 33 37 39 21 24 27 29 33 19 21 24 27 29 
24 27 30 33 38 27 30 34 38 40 21 24 27 30 32 14 16 18 19 21 19 21 24 27 29 19 21 24 27 28 17 19 22 24 28 12 13 15 16 20 0 0 0 0 0 10 11 13 14 15 
8 9 10 11 13 12 14 16 18 20 0 0 0 0 0 9 10 12 14 15 9 10 12 13 14 24 27 30 33 38 27 30 34 38 42 14 16 18 20 21 18 20 23 25 29 12 14 16 17 21 
2 2120 7
15 17 19 21 23 20 23 26 28 31 17 19 22 24 28 25 28 32 35 40 16 18 20 23 25 0 0 0 0 0 27 30 34 37 40 10 11 13 14 15 21 24 27 30 34 16 18 20 22 25 
16 18 21 23 27 0 0 0 0 0 16 18 21 24 26 12 13 15 17 19 21 24 27 29 33 16 18 20 22 26 26 29 33 36 39 16 18 21 24 26 8 9 10 12 14 16 18 21 24 27 
0 0 0 0 0 9 10 12 13 15 26 29 33 36 40 25 28 32 36 40 16 18 20 22 24 8 9 10 11 14 8 9 11 12 14 20 22 25 28 30 10 11 13 15 15 8 9 11 12 15 
27 30 34 38 40 23 26 29 32 35 22 25 28 31 33 8 9 11 12 13 12 13 15 16 19 26 29 33 37 40 0 0 0 0 0 21 24 27 30 33 16 18 20 23 25 13 15 17 19 21 
16 18 20 23 24 24 27 31 35 38 14 16 18 20 21 20 22 25 27 31 16 18 21 23 26 20 23 26 28 31 18 20 23 25 28 0 0 0 0 0 19 21 24 26 28 14 16 18 19 22 
16 18 21 24 25 9 10 12 13 16 22 25 28 31 33 12 13 15 17 20 9 10 12 14 16 20 22 25 27 30 12 13 15 17 20 9 10 12 13 15 0 0 0 0 0 19 21 24 26 29 
10 11 13 14 15 0 0 0 0 0 19 21 24 26 29 8 9 11 12 13 12 14 16 18 19 8 9 10 12 12 18 20 23 25 29 24 27 30 33 38 24 27 30 33 37 9 10 12 14 14 
3 2198 9
12 13 15 17 20 11 12 14 15 18 24 27 31 34 39 11 12 14 16 16 26 29 33 37 39 21 24 27 29 32 0 0 0 0 0 15 17 19 20 22 16 18 21 24 27 26 29 33 37 39 
24 27 30 33 37 13 15 17 18 21 8 9 11 12 14 0 0 0 0 0 8 9 11 13 14 10 11 13 15 15 23 26 29 32 36 17 19 22 24 26 22 25 28 31 34 8 9 10 12 14 
27 30 34 37 42 22 25 28 31 34 15 17 19 20 23 0 0 0 0 0 17 19 22 24 28 8 9 10 12 14 19 21 24 26 28 26 29 33 36 39 13 15 17 18 20 13 15 17 18 20 
26 29 33 36 40 10 11 13 14 15 22 25 28 30 35 19 21 24 27 30 14 16 18 19 23 9 10 12 13 16 10 11 13 14 15 0 0 0 0 0 12 13 15 17 20 20 22 25 28 31 
11 12 14 15 17 0 0 0 0 0 24 27 31 35 38 8 9 11 13 13 15 17 19 21 22 9 10 12 13 15 23 26 29 32 36 16 18 21 23 25 8 9 10 11 14 24 27 31 34 37 
21 24 27 29 34 15 17 19 20 24 12 13 15 16 20 27 30 34 37 41 22 25 28 30 33 22 25 28 30 33 18 20 23 25 28 23 26 29 32 36 18 20 23 26 29 0 0 0 0 0 
27 30 34 38 41 11 12 14 15 16 13 15 17 18 21 10 11 13 14 15 24 27 30 34 38 25 28 32 35 40 12 13 15 16 19 17 19 22 25 28 27 30 34 37 40 0 0 0 0 0 
9 10 12 14 15 15 17 19 21 24 0 0 0 0 0 14 16 18 19 23 22 25 28 31 35 12 14 16 17 21 27 30 34 37 41 21 24 27 29 33 15 17 19 21 22 10 11 13 14 16 
15 17 19 21 23 25 28 32 36 38 22 25 28 31 35 10 11 13 15 17 16 18 20 22 24 22 25 28 30 33 19 21 24 27 29 16 18 20 23 26 0 0 0 0 0 16 18 20 23 24 
4 2436 5
8 9 11 12 13 17 19 22 24 26 22 25 28 31 35 0 0 0 0 0 24 27 30 34 37 26 29 33 37 39 27 30 34 38 40 26 29 33 37 41 25 28 32 35 38 20 23 26 29 33 
27 30 34 38 40 12 14 16 18 19 17 19 22 25 26 23 26 29 32 35 16 18 21 24 25 17 19 22 25 27 10 11 13 14 16 0 0 0 0 0 20 22 25 27 31 12 13 15 16 18 
26 29 33 36 41 12 13 15 17 19 0 0 0 0 0 16 18 21 24 26 16 18 21 23 26 9 10 12 13 15 22 25 28 31 34 20 22 25 27 32 8 9 11 13 13 25 28 32 35 40 
24 27 31 34 39 0 0 0 0 0 18 20 23 26 29 20 23 26 29 31 27 30 34 38 40 8 9 11 12 14 10 11 13 15 16 11 12 14 16 18 12 14 16 18 21 19 21 24 27 28 
18 20 23 25 28 18 20 23 26 27 13 15 17 19 22 24 27 30 34 36 18 20 23 25 28 20 22 25 27 31 18 20 23 25 29 0 0 0 0 0 11 12 14 15 16 27 30 34 38 42 
5 2405 8
17 19 22 24 26 18 20 23 25 27 13 15 17 18 21 16 18 21 24 27 17 19 22 24 27 0 0 0 0 0 12 13 15 17 18 21 24 27 30 33 19 21 24 27 30 24 27 31 35 37 
19 21 24 26 29 13 15 17 19 20 27 30 34 38 41 19 21 24 26 30 20 22 25 28 31 12 14 16 17 20 17 19 22 25 27 24 27 30 34 36 0 0 0 0 0 13 15 17 19 21 
19 21 24 26 28 21 24 27 29 34 21 24 27 30 34 24 27 31 35 39 12 13 15 16 19 20 22 25 28 32 0 0 0 0 0 20 23 26 28 31 18 20 23 25 28 14 16 18 20 21 
9 10 12 14 16 24 27 30 33 38 21 24 27 29 34 16 18 21 23 26 26 29 33 36 40 26 29 33 37 39 12 14 16 17 19 0 0 0 0 0 9 10 12 14 15 17 19 22 25 28 
21 24 27 30 34 12 13 15 16 20 0 0 0 0 0 20 23 26 29 33 8 9 10 12 13 25 28 32 36 40 20 22 25 28 32 25 28 32 36 38 26 29 33 37 41 11 12 14 16 16 
12 13 15 16 18 20 23 26 28 31 12 14 16 17 20 0 0 0 0 0 12 13 15 16 20 20 23 26 28 31 16 18 20 23 25 16 18 21 24 27 17 19 22 25 28 24 27 30 34 37 
10 11 13 14 16 11 12 14 15 18 16 18 20 22 26 16 18 20 22 26 18 20 23 25 27 0 0 0 0 0 8 9 10 12 12 16 18 21 24 27 18 20 23 25 29 20 23 26 28 31 
27 30 34 38 41 0 0 0 0 0 20 23 26 28 31 12 14 16 18 20 23 26 29 31 34 26 29 33 36 39 26 29 33 36 40 10 11 13 15 15 13 15 17 19 21 9 10 12 13 15 
6 2342 5
18 20 23 25 27 27 30 34 38 40 22 25 28 30 33 26 29 33 37 40 8 9 11 13 14 12 13 15 16 19 25 28 32 35 38 22 25 28 31 34 0 0 0 0 0 21 24 27 30 34 
27 30 34 37 42 20 22 25 28 31 24 27 31 35 37 8 9 10 11 12 12 13 15 17 18 0 0 0 0 0 15 17 19 21 23 11 12 14 16 16 20 23 26 28 31 22 25 28 30 35 
12 14 16 17 19 14 16 18 19 23 8 9 10 11 13 13 15 17 19 21 14 16 18 19 22 20 23 26 28 32 0 0 0 0 0 10 11 13 14 15 8 9 10 12 13 21 24 27 29 34 
20 23 26 28 31 10 11 13 14 15 11 12 14 15 18 20 22 25 27 30 16 18 21 23 25 27 30 34 38 40 0 0 0 0 0 19 21 24 27 29 16 18 21 24 25 26 29 33 36 40 
10 11 13 15 17 17 19 22 24 27 11 12 14 15 16 27 30 34 37 40 24 27 30 34 36 16 18 21 23 26 0 0 0 0 0 26 29 33 36 40 23 26 29 32 36 22 25 28 30 33 
7 1862 6
26 29 33 36 40 27 30 34 37 41 22 25 28 31 34 17 19 22 24 27 16 18 20 22 24 24 27 30 34 37 0 0 0 0 0 18 20 23 26 29 24 27 30 34 36 12 14 16 17 21 
12 14 16 17 21 8 9 11 13 13 0 0 0 0 0 14 16 18 19 23 13 15 17 19 20 19 21 24 26 30 21 24 27 30 33 24 27 31 34 37 17 19 22 25 27 14 16 18 19 21 
15 17 19 21 23 12 14 16 18 19 20 23 26 29 33 26 29 33 37 40 18 20 23 25 28 15 17 19 21 24 14 16 18 20 21 0 0 0 0 0 25 28 32 36 39 12 13 15 16 20 
0 0 0 0 0 11 12 14 15 18 13 15 17 18 22 13 15 17 19 21 8 9 11 13 14 25 28 32 36 40 27 30 34 37 41 24 27 30 34 38 24 27 30 34 37 14 16 18 20 22 
16 18 20 22 25 27 30 34 38 41 20 22 25 27 32 18 20 23 25 29 19 21 24 26 29 0 0 0 0 0 24 27 30 34 36 21 24 27 30 33 13 15 17 18 21 24 27 30 33 36 
16 18 20 23 24 16 18 21 23 25 12 13 15 16 19 24 27 30 34 37 23 26 29 31 34 0 0 0 0 0 20 23 26 29 32 12 13 15 17 18 21 24 27 30 32 22 25 28 31 35 
8 2729 10
12 13 15 16 18 24 27 31 35 38 12 13 15 16 18 15 17 19 21 23 26 29 33 37 39 0 0 0 0 0 24 27 31 35 37 18 20 23 26 27 13 15 17 18 21 8 9 10 11 14 
11 12 14 15 17 12 13 15 16 19 13 15 17 18 20 19 21 24 27 29 15 17 19 21 24 26 29 33 36 40 21 24 27 29 33 24 27 30 33 38 20 22 25 28 32 0 0 0 0 0 
24 27 30 34 38 8 9 11 13 13 26 29 33 37 40 16 18 21 23 27 13 15 17 18 22 0 0 0 0 0 21 24 27 30 33 25 28 32 36 40 24 27 31 34 37 26 29 33 37 40 
12 13 15 16 18 8 9 10 12 13 25 28 32 36 39 16 18 21 24 26 24 27 31 34 39 26 29 33 37 39 0 0 0 0 0 19 21 24 26 29 18 20 23 25 29 11 12 14 15 16 
8 9 10 12 12 20 23 26 29 33 27 30 34 38 41 23 26 29 31 34 17 19 22 25 27 24 27 30 33 37 12 14 16 17 20 26 29 33 36 40 0 0 0 0 0 24 27 31 35 37 
23 26 29 31 34 18 20 23 25 28 18 20 23 26 27 8 9 11 12 14 15 17 19 21 24 17 19 22 24 28 17 19 22 24 27 9 10 12 14 16 0 0 0 0 0 20 22 25 28 32 
22 25 28 30 33 25 28 32 36 39 15 17 19 21 23 13 15 17 18 22 0 0 0 0 0 14 16 18 19 22 19 21 24 27 28 12 13 15 16 19 13 15 17 19 22 25 28 32 35 40 
16 18 20 23 26 14 16 18 19 21 0 0 0 0 0 20 23 26 28 32 18 20 23 25 29 27 30 34 37 41 18 20 23 26 28 27 30 34 38 41 20 23 26 29 33 14 16 18 19 23 
22 25 28 31 34 15 17 19 21 22 24 27 30 33 37 11 12 14 15 18 12 14 16 17 20 12 13 15 17 20 13 15 17 18 22 16 18 21 23 25 27 30 34 38 40 0 0 0 0 0 
20 23 26 29 31 20 22 25 28 30 24 27 31 34 38 16 18 21 23 27 22 25 28 31 33 23 26 29 31 34 18 20 23 25 29 26 29 33 37 41 19 21 24 26 28 0 0 0 0 0 
9 1534 5
27 30 34 38 41 23 26 29 31 36 20 22 25 27 32 25 28 32 36 39 26 29 33 37 39 19 21 24 26 28 0 0 0 0 0 15 17 19 21 22 20 22 25 27 30 22 25 28 31 33 
8 9 10 12 13 8 9 10 11 12 12 14 16 17 21 12 14 16 18 20 0 0 0 0 0 16 18 20 22 25 20 23 26 29 33 19 21 24 27 30 10 11 13 14 16 22 25 28 31 35 
21 24 27 29 34 17 19 22 25 28 0 0 0 0 0 24 27 30 34 37 23 26 29 31 34 26 29 33 36 41 27 30 34 38 42 10 11 13 14 15 23 26 29 32 35 24 27 31 35 37 
25 28 32 35 39 9 10 12 14 14 12 14 16 18 21 9 10 12 14 14 14 16 18 20 21 24 27 31 34 37 11 12 14 16 16 0 0 0 0 0 17 19 22 24 27 24 27 30 33 36 
24 27 30 34 37 16 18 20 23 24 0 0 0 0 0 14 16 18 19 22 10 11 13 14 16 8 9 11 13 14 22 25 28 30 33 18 20 23 26 28 24 27 31 35 38 8 9 11 12 14 
10 1846 5
11 12 14 16 17 8 9 10 12 12 24 27 31 35 39 16 18 21 23 26 0 0 0 0 0 17 19 22 24 28 21 24 27 29 32 16 18 21 23 25 25 28 32 36 38 25 28 32 36 38 
23 26 29 31 34 14 16 18 20 22 8 9 11 12 14 27 30 34 37 42 23 26 29 32 34 12 14 16 17 20 22 25 28 31 35 0 0 0 0 0 21 24 27 29 33 24 27 31 35 38 
12 13 15 17 20 22 25 28 30 34 17 19 22 24 26 13 15 17 19 20 27 30 34 38 41 12 13 15 17 19 8 9 11 12 13 0 0 0 0 0 16 18 20 23 25 12 14 16 18 20 
22 25 28 30 34 24 27 30 34 37 16 18 20 22 25 27 30 34 38 41 12 13 15 17 20 0 0 0 0 0 8 9 11 12 13 16 18 20 23 24 12 14 16 18 19 24 27 31 35 37 
24 27 30 34 38 0 0 0 0 0 12 13 15 17 19 12 14 16 17 19 10 11 13 15 16 26 29 33 36 41 14 16 18 19 22 12 14 16 18 19 8 9 10 11 12 24 27 31 35 37 
11 1017 5
16 18 21 24 26 24 27 30 33 37 19 21 24 27 28 24 27 31 34 37 17 19 22 25 26 17 19 22 24 27 23 26 29 32 35 0 0 0 0 0 24 27 30 33 38 11 12 14 15 17 
22 25 28 30 35 0 0 0 0 0 10 11 13 14 17 20 22 25 27 30 12 14 16 17 19 14 16 18 19 23 16 18 20 23 26 9 10 12 13 14 13 15 17 19 21 14 16 18 19 23 
14 16 18 19 22 15 17 19 21 22 27 30 34 37 41 9 10 12 14 15 14 16 18 19 23 0 0 0 0 0 16 18 21 24 26 21 24 27 30 32 8 9 10 11 12 16 18 21 23 25 
22 25 28 31 33 11 12 14 15 17 8 9 11 13 13 12 14 16 18 20 12 14 16 18 19 20 23 26 28 32 0 0 0 0 0 18 20 23 25 27 25 28 32 35 40 26 29 33 37 41 
8 9 11 12 14 12 14 16 18 20 25 28 32 36 38 20 22 25 28 32 23 26 29 31 34 27 30 34 37 40 0 0 0 0 0 16 18 21 24 25 16 18 21 24 26 27 30 34 38 42 
12 1783 7
0 0 0 0 0 17 19 22 24 27 12 14 16 18 20 10 11 13 14 16 24 27 31 35 39 20 22 25 28 30 11 12 14 16 16 16 18 21 23 25 22 25 28 30 35 24 27 30 33 36 
11 12 14 16 16 24 27 31 35 39 15 17 19 20 22 14 16 18 20 22 12 14 16 17 21 17 19 22 24 28 12 14 16 18 20 0 0 0 0 0 16 18 20 23 24 16 18 20 22 25 
26 29 33 37 39 23 26 29 31 36 8 9 10 11 14 15 17 19 21 24 24 27 31 35 38 20 23 26 28 33 0 0 0 0 0 11 12 14 16 18 17 19 22 24 26 10 11 13 14 17 
8 9 10 12 12 9 10 12 14 15 27 30 34 38 40 25 28 32 36 40 18 20 23 25 27 0 0 0 0 0 17 19 22 24 28 20 22 25 28 32 20 22 25 28 31 15 17 19 21 23 
27 30 34 37 41 9 10 12 14 16 12 14 16 17 20 14 16 18 20 23 21 24 27 29 32 24 27 30 34 38 10 11 13 15 15 0 0 0 0 0 26 29 33 37 41 14 16 18 19 22 
24 27 31 35 39 10 11 13 14 17 15 17 19 21 24 19 21 24 26 30 14 16 18 19 21 0 0 0 0 0 11 12 14 16 17 10 11 13 15 16 24 27 30 34 37 24 27 30 34 38 
8 9 10 12 12 0 0 0 0 0 17 19 22 25 27 15 17 19 20 22 26 29 33 37 41 24 27 31 35 37 17 19 22 25 27 23 26 29 32 36 23 26 29 32 35 14 16 18 19 21 
13 1528 10
21 24 27 29 33 24 27 31 34 37 22 25 28 30 35 0 0 0 0 0 20 23 26 28 33 16 18 20 23 26 26 29 33 36 41 8 9 10 12 13 12 14 16 17 19 24 27 30 34 36 
9 10 12 13 15 26 29 33 37 40 19 21 24 27 29 8 9 11 12 14 9 10 12 13 14 25 28 32 36 39 0 0 0 0 0 19 21 24 27 29 12 14 16 18 20 13 15 17 19 21 
12 13 15 16 19 21 24 27 29 32 25 28 32 35 38 19 21 24 27 28 23 26 29 31 36 11 12 14 16 16 26 29 33 37 41 13 15 17 19 22 0 0 0 0 0 21 24 27 30 33 
25 28 32 35 40 18 20 23 25 27 10 11 13 14 17 12 14 16 18 21 13 15 17 19 21 0 0 0 0 0 25 28 32 35 40 15 17 19 21 24 20 23 26 29 32 18 20 23 26 27 
18 20 23 25 27 25 28 32 36 39 27 30 34 38 40 14 16 18 19 22 18 20 23 25 29 20 22 25 28 32 15 17 19 20 23 16 18 20 23 26 12 14 16 17 19 0 0 0 0 0 
23 26 29 31 34 19 21 24 27 28 0 0 0 0 0 11 12 14 16 16 16 18 21 24 27 26 29 33 37 40 25 28 32 35 38 26 29 33 36 41 8 9 10 12 12 24 27 30 34 37 
24 27 31 35 39 13 15 17 19 22 27 30 34 38 42 22 25 28 31 35 15 17 19 20 23 26 29 33 36 39 9 10 12 13 15 0 0 0 0 0 16 18 21 23 27 11 12 14 16 16 
13 15 17 19 21 13 15 17 19 21 27 30 34 37 41 17 19 22 25 26 27 30 34 37 40 18 20 23 26 28 16 18 20 23 25 22 25 28 31 33 0 0 0 0 0 8 9 10 11 12 
24 27 31 35 38 8 9 11 13 13 11 12 14 15 17 20 23 26 28 32 22 25 28 30 34 18 20 23 26 27 25 28 32 35 40 0 0 0 0 0 16 18 21 23 27 26 29 33 36 39 
12 14 16 17 20 15 17 19 20 24 16 18 20 22 26 12 13 15 17 19 15 17 19 21 24 0 0 0 0 0 16 18 21 23 26 22 25 28 30 34 24 27 31 35 38 9 10 12 13 14 
14 1894 8
11 12 14 15 16 27 30 34 38 42 8 9 11 12 15 24 27 31 35 39 20 23 26 28 32 21 24 27 30 34 15 17 19 21 24 8 9 10 12 14 0 0 0 0 0 26 29 33 36 41 
18 20 23 25 27 16 18 21 24 27 8 9 10 11 13 22 25 28 31 35 11 12 14 15 18 15 17 19 20 22 8 9 11 12 15 24 27 30 34 36 0 0 0 0 0 18 20 23 26 28 
27 30 34 37 42 22 25 28 30 35 8 9 11 12 14 23 26 29 31 36 11 12 14 16 18 26 29 33 37 41 15 17 19 21 23 27 30 34 37 42 0 0 0 0 0 15 17 19 20 22 
0 0 0 0 0 21 24 27 30 32 12 14 16 17 20 8 9 10 11 14 14 16 18 19 22 10 11 13 14 17 8 9 11 12 14 22 25 28 30 34 21 24 27 30 32 21 24 27 29 32 
15 17 19 20 22 11 12 14 16 18 14 16 18 19 21 25 28 32 35 39 20 23 26 29 31 14 16 18 19 21 19 21 24 27 28 9 10 12 13 16 0 0 0 0 0 10 11 13 14 17 
21 24 27 29 32 13 15 17 19 21 24 27 31 35 39 27 30 34 38 40 24 27 30 33 36 16 18 20 23 25 14 16 18 20 22 0 0 0 0 0 8 9 10 12 13 14 16 18 19 22 
9 10 12 13 15 22 25 28 31 34 13 15 17 19 20 20 23 26 29 32 9 10 12 14 16 0 0 0 0 0 12 14 16 17 19 26 29 33 37 41 12 13 15 16 18 24 27 31 35 39 
8 9 11 12 14 27 30 34 38 40 24 27 31 35 38 10 11 13 15 17 27 30 34 37 41 9 10 12 14 14 0 0 0 0 0 23 26 29 32 35 16 18 20 23 26 18 20 23 25 29 
15 2583 6
12 14 16 18 19 9 10 12 14 14 18 20 23 25 27 8 9 10 12 14 24 27 31 35 39 26 29 33 36 39 15 17 19 20 23 26 29 33 36 41 0 0 0 0 0 27 30 34 38 42 
15 17 19 21 22 25 28 32 35 40 14 16 18 19 22 13 15 17 18 20 17 19 22 24 27 24 27 31 34 37 20 23 26 29 32 8 9 11 12 14 0 0 0 0 0 19 21 24 27 30 
20 23 26 28 32 12 13 15 16 18 20 23 26 29 33 12 13 15 17 18 23 26 29 31 36 11 12 14 16 16 22 25 28 30 35 22 25 28 31 35 0 0 0 0 0 16 18 21 24 26 
17 19 22 25 26 27 30 34 37 40 23 26 29 32 35 22 25 28 30 34 8 9 10 11 13 24 27 31 34 38 11 12 14 16 17 0 0 0 0 0 26 29 33 37 41 24 27 31 34 38 
20 23 26 29 31 19 21 24 26 29 24 27 30 34 37 24 27 31 35 38 23 26 29 31 34 21 24 27 29 32 10 11 13 15 15 0 0 0 0 0 23 26 29 32 36 12 13 15 16 18 
24 27 31 35 39 15 17 19 20 23 9 10 12 13 15 9 10 12 14 16 12 14 16 18 21 26 29 33 37 39 8 9 11 13 14 23 26 29 32 34 16 18 21 23 26 0 0 0 0 0 
16 2109 7
12 14 16 17 21 11 12 14 15 17 21 24 27 30 32 14 16 18 20 22 20 23 26 29 32 16 18 20 23 26 0 0 0 0 0 17 19 22 25 28 18 20 23 26 28 10 11 13 14 15 
20 22 25 28 32 11 12 14 15 17 16 18 21 24 27 15 17 19 21 22 27 30 34 38 42 0 0 0 0 0 23 26 29 32 36 27 30 34 38 40 21 24 27 30 33 24 27 30 33 36 
15 17 19 21 24 17 19 22 24 26 0 0 0 0 0 22 25 28 30 35 11 12 14 15 18 19 21 24 27 30 24 27 31 34 39 16 18 21 24 26 21 24 27 29 34 12 13 15 16 19 
23 26 29 32 34 8 9 10 12 13 18 20 23 25 28 0 0 0 0 0 16 18 21 24 26 15 17 19 20 23 18 20 23 26 29 17 19 22 25 28 18 20 23 26 29 15 17 19 21 23 
20 23 26 29 33 20 23 26 29 32 20 23 26 29 33 9 10 12 13 15 12 14 16 18 21 0 0 0 0 0 22 25 28 31 33 12 14 16 17 21 20 23 26 29 31 16 18 20 22 26 
20 22 25 28 32 24 27 30 34 37 10 11 13 14 17 24 27 31 34 38 13 15 17 18 20 0 0 0 0 0 24 27 30 33 38 18 20 23 26 27 14 16 18 20 22 14 16 18 20 23 
17 19 22 25 26 14 16 18 19 23 17 19 22 25 26 9 10 12 14 16 12 13 15 17 18 8 9 11 12 14 0 0 0 0 0 10 11 13 14 17 8 9 11 12 13 13 15 17 19 21 
17 2749 10
10 11 13 14 16 11 12 14 15 18 9 10 12 13 14 0 0 0 0 0 9 10 12 13 16 25 28 32 36 40 10 11 13 14 17 16 18 20 23 25 17 19 22 25 27 24 27 30 33 36 
14 16 18 19 23 15 17 19 20 23 17 19 22 24 27 25 28 32 35 39 24 27 31 34 38 15 17 19 20 24 0 0 0 0 0 12 13 15 17 20 24 27 31 34 39 24 27 30 34 36 
17 19 22 24 28 25 28 32 35 38 17 19 22 25 28 13 15 17 18 20 16 18 21 24 27 9 10 12 13 14 0 0 0 0 0 26 29 33 37 40 24 27 30 34 37 26 29 33 37 39 
0 0 0 0 0 19 21 24 27 28 19 21 24 26 30 19 21 24 27 28 9 10 12 14 14 15 17 19 21 24 27 30 34 37 41 20 22 25 27 31 12 13 15 17 19 16 18 20 22 24 
27 30 34 37 42 13 15 17 19 21 19 21 24 26 29 0 0 0 0 0 22 25 28 31 34 15 17 19 21 23 20 22 25 28 31 8 9 11 13 13 14 16 18 19 22 18 20 23 26 28 
23 26 29 32 35 22 25 28 30 35 8 9 11 12 13 0 0 0 0 0 9 10 12 14 16 20 23 26 29 33 11 12 14 16 17 26 29 33 37 39 22 25 28 30 34 12 14 16 17 19 
16 18 20 23 25 9 10 12 13 15 12 13 15 16 19 16 18 21 23 27 18 20 23 25 27 24 27 31 34 37 21 24 27 30 33 0 0 0 0 0 22 25 28 30 33 21 24 27 29 33 
23 26 29 31 35 10 11 13 14 15 17 19 22 24 26 25 28 32 36 38 0 0 0 0 0 13 15 17 18 21 24 27 30 34 36 26 29 33 36 39 16 18 20 23 24 24 27 31 34 38 
16 18 21 23 27 19 21 24 27 30 26 29 33 37 40 11 12 14 15 18 10 11 13 15 15 17 19 22 25 26 0 0 0 0 0 20 22 25 28 30 12 14 16 18 21 20 22 25 28 30 
19 21 24 27 29 20 23 26 28 32 24 27 30 34 38 16 18 21 23 27 15 17 19 20 23 10 11 13 14 17 15 17 19 20 24 0 0 0 0 0 24 27 30 34 37 23 26 29 32 36 
18 1187 10
25 28 32 36 38 22 25 28 31 34 0 0 0 0 0 20 22 25 27 32 16 18 20 22 24 26 29 33 37 41 24 27 31 35 38 16 18 21 23 26 22 25 28 31 33 11 12 14 16 17 
22 25 28 31 34 9 10 12 13 16 13 15 17 19 21 11 12 14 15 18 20 23 26 29 32 11 12 14 15 17 26 29 33 36 39 0 0 0 0 0 17 19 22 25 28 11 12 14 15 18 
25 28 32 36 38 8 9 10 11 14 12 13 15 16 20 0 0 0 0 0 9 10 12 14 14 26 29 33 37 41 24 27 31 34 37 14 16 18 19 23 24 27 30 34 36 20 23 26 29 32 
12 14 16 18 19 15 17 19 20 23 18 20 23 26 28 21 24 27 29 33 21 24 27 29 34 0 0 0 0 0 23 26 29 32 35 8 9 10 12 13 15 17 19 21 24 12 14 16 18 20 
16 18 20 23 26 12 14 16 17 21 0 0 0 0 0 16 18 21 24 26 21 24 27 30 32 24 27 31 34 39 21 24 27 30 33 12 13 15 16 18 16 18 21 23 25 11 12 14 16 18 
16 18 21 24 25 24 27 31 35 38 11 12 14 16 16 0 0 0 0 0 24 27 31 35 39 17 19 22 24 26 12 13 15 17 20 17 19 22 25 26 19 21 24 27 29 24 27 31 35 37 
12 14 16 17 20 8 9 11 13 13 14 16 18 20 23 23 26 29 32 35 18 20 23 26 27 20 22 25 28 32 0 0 0 0 0 17 19 22 25 28 21 24 27 30 33 11 12 14 16 18 
14 16 18 20 22 8 9 10 12 13 9 10 12 14 16 22 25 28 31 33 18 20 23 25 27 8 9 10 11 13 19 21 24 27 28 0 0 0 0 0 20 22 25 28 32 26 29 33 36 41 
27 30 34 37 42 9 10 12 14 14 15 17 19 21 23 26 29 33 37 41 10 11 13 14 17 26 29 33 37 41 8 9 10 11 14 12 13 15 17 20 0 0 0 0 0 18 20 23 25 28 
12 13 15 16 20 24 27 31 34 39 20 22 25 27 30 14 16 18 20 23 16 18 20 22 26 0 0 0 0 0 15 17 19 20 24 17 19 22 24 28 22 25 28 30 33 18 20 23 25 27 
19 2033 5
0 0 0 0 0 22 25 28 31 33 18 20 23 25 28 25 28 32 36 39 22 25 28 31 33 15 17 19 21 24 19 21 24 26 28 8 9 11 13 14 20 22 25 27 30 14 16 18 20 21 
0 0 0 0 0 12 13 15 17 19 8 9 10 11 14 16 18 20 22 24 17 19 22 25 28 18 20 23 25 27 14 16 18 19 22 13 15 17 18 20 25 28 32 36 39 9 10 12 14 14 
13 15 17 19 20 14 16 18 19 22 8 9 10 11 12 22 25 28 31 33 27 30 34 37 41 0 0 0 0 0 8 9 10 11 14 12 13 15 17 20 12 14 16 17 21 19 21 24 26 28 
15 17 19 20 24 8 9 11 12 14 20 23 26 29 32 20 22 25 28 32 10 11 13 14 15 24 27 30 33 38 20 23 26 28 33 20 22 25 27 31 16 18 21 23 26 0 0 0 0 0 
0 0 0 0 0 20 22 25 28 32 24 27 30 34 37 10 11 13 14 16 19 21 24 27 30 24 27 31 34 38 8 9 11 12 14 25 28 32 36 40 8 9 11 12 15 11 12 14 16 17 
20 2701 7
20 22 25 27 32 16 18 21 24 26 12 14 16 17 19 0 0 0 0 0 8 9 10 11 12 15 17 19 21 22 11 12 14 15 16 22 25 28 31 34 16 18 21 24 27 23 26 29 31 36 
12 13 15 16 18 20 22 25 28 32 8 9 11 13 15 26 29 33 36 40 8 9 10 11 12 12 14 16 18 19 16 18 21 24 25 8 9 10 12 13 0 0 0 0 0 24 27 31 35 38 
11 12 14 15 16 17 19 22 25 27 0 0 0 0 0 27 30 34 37 40 10 11 13 14 17 17 19 22 24 26 23 26 29 32 34 9 10 12 14 16 9 10 12 13 15 24 27 30 34 36 
8 9 11 13 14 27 30 34 38 40 0 0 0 0 0 27 30 34 38 42 12 14 16 18 19 16 18 20 23 24 8 9 11 13 15 11 12 14 15 17 12 14 16 17 20 22 25 28 31 35 
8 9 10 11 12 16 18 20 23 24 18 20 23 25 29 24 27 30 34 37 20 23 26 28 31 24 27 31 35 39 0 0 0 0 0 18 20 23 26 27 26 29 33 36 41 20 23 26 28 31 
0 0 0 0 0 9 10 12 13 16 26 29 33 36 41 19 21 24 27 29 10 11 13 15 15 24 27 31 35 38 12 13 15 17 20 17 19 22 25 27 20 22 25 27 30 24 27 31 34 38 
22 25 28 31 35 14 16 18 20 23 24 27 31 34 38 18 20 23 26 28 24 27 31 34 39 15 17 19 20 24 26 29 33 37 40 21 24 27 30 33 27 30 34 38 40 0 0 0 0 0 
21 2787 5
9 10 12 14 14 24 27 30 34 36 12 13 15 17 19 16 18 21 24 27 0 0 0 0 0 20 23 26 29 31 24 27 30 33 37 14 16 18 20 21 24 27 31 34 37 23 26 29 31 34 
0 0 0 0 0 12 13 15 16 20 15 17 19 21 23 19 21 24 26 30 26 29 33 36 39 19 21 24 26 28 24 27 31 35 39 21 24 27 29 33 25 28 32 36 38 27 30 34 38 42 
21 24 27 30 34 14 16 18 19 22 22 25 28 31 33 19 21 24 27 30 17 19 22 24 26 18 20 23 25 28 9 10 12 13 14 26 29 33 37 40 0 0 0 0 0 16 18 21 24 25 
9 10 12 13 16 21 24 27 29 34 8 9 11 13 14 11 12 14 15 18 21 24 27 30 33 19 21 24 27 28 23 26 29 32 34 18 20 23 26 28 24 27 30 33 38 0 0 0 0 0 
8 9 11 12 15 0 0 0 0 0 26 29 33 37 41 8 9 11 13 15 9 10 12 14 16 8 9 10 11 14 21 24 27 30 34 13 15 17 18 22 26 29 33 37 41 20 23 26 28 33 
22 2317 9
12 14 16 17 19 16 18 21 24 25 10 11 13 14 16 19 21 24 27 28 23 26 29 32 34 0 0 0 0 0 20 22 25 27 31 24 27 30 33 36 9 10 12 13 15 12 13 15 16 19 
18 20 23 25 29 13 15 17 19 22 23 26 29 31 35 11 12 14 16 17 12 13 15 16 20 21 24 27 30 33 12 13 15 17 19 24 27 31 34 37 14 16 18 19 22 0 0 0 0 0 
21 24 27 30 34 8 9 10 12 12 0 0 0 0 0 15 17 19 20 22 20 23 26 28 32 27 30 34 37 41 12 14 16 17 20 21 24 27 30 32 17 19 22 25 28 9 10 12 13 15 
20 23 26 29 33 27 30 34 37 42 26 29 33 36 40 13 15 17 18 22 24 27 31 35 38 10 11 13 14 17 16 18 20 23 25 16 18 20 23 26 0 0 0 0 0 27 30 34 37 42 
12 14 16 17 19 8 9 10 12 14 24 27 30 34 38 21 24 27 30 34 0 0 0 0 0 15 17 19 20 23 11 12 14 15 17 8 9 10 12 14 8 9 11 13 13 15 17 19 21 22 
21 24 27 30 34 18 20 23 26 28 10 11 13 14 15 24 27 31 34 38 12 13 15 16 19 23 26 29 31 34 26 29 33 37 41 22 25 28 31 34 24 27 31 34 38 0 0 0 0 0 
23 26 29 32 36 12 13 15 16 20 14 16 18 19 21 9 10 12 14 14 0 0 0 0 0 19 21 24 27 28 24 27 30 34 38 25 28 32 36 38 27 30 34 38 41 17 19 22 24 27 
12 13 15 17 19 19 21 24 27 29 12 14 16 17 21 12 14 16 17 20 10 11 13 15 15 20 22 25 28 32 0 0 0 0 0 10 11 13 15 16 14 16 18 19 23 24 27 30 34 37 
0 0 0 0 0 9 10 12 14 16 26 29 33 36 41 8 9 11 12 13 26 29 33 37 40 9 10 12 13 16 11 12 14 15 18 22 25 28 31 33 18 20 23 25 29 19 21 24 27 28 
23 2010 5
25 28 32 35 39 20 23 26 29 32 20 23 26 29 31 11 12 14 16 16 21 24 27 29 33 16 18 20 22 24 18 20 23 26 29 15 17 19 21 22 25 28 32 35 40 0 0 0 0 0 
16 18 20 22 26 18 20 23 25 27 20 22 25 27 32 19 21 24 27 29 25 28 32 35 39 0 0 0 0 0 16 18 21 23 27 24 27 31 35 39 19 21 24 26 28 27 30 34 37 41 
12 14 16 17 21 12 13 15 16 20 23 26 29 32 35 0 0 0 0 0 14 16 18 19 23 12 13 15 16 18 11 12 14 15 18 20 22 25 27 30 24 27 30 34 38 12 14 16 18 20 
13 15 17 19 20 10 11 13 15 16 9 10 12 13 14 8 9 10 12 13 0 0 0 0 0 12 14 16 18 20 11 12 14 15 18 16 18 21 23 26 12 14 16 17 19 21 24 27 29 33 
0 0 0 0 0 16 18 21 24 26 21 24 27 30 34 27 30 34 38 40 19 21 24 27 29 20 22 25 27 31 23 26 29 32 34 12 13 15 16 19 23 26 29 31 34 25 28 32 35 38 
24 2870 8
12 13 15 17 19 11 12 14 15 17 19 21 24 27 28 23 26 29 31 35 14 16 18 20 22 25 28 32 36 40 17 19 22 25 26 26 29 33 37 40 0 0 0 0 0 20 22 25 28 31 
15 17 19 21 22 21 24 27 29 34 19 21 24 27 28 24 27 31 35 37 15 17 19 21 22 10 11 13 14 17 26 29 33 36 39 16 18 20 22 25 0 0 0 0 0 18 20 23 25 27 
22 25 28 31 35 27 30 34 37 42 0 0 0 0 0 14 16 18 19 21 8 9 11 13 15 20 22 25 28 31 15 17 19 20 22 12 14 16 18 21 16 18 20 23 24 15 17 19 20 22 
0 0 0 0 0 14 16 18 20 23 19 21 24 27 30 9 10 12 14 15 11 12 14 16 17 10 11 13 14 17 19 21 24 27 29 24 27 31 35 37 21 24 27 30 34 20 23 26 29 33 
14 16 18 19 22 23 26 29 32 34 10 11 13 15 15 16 18 21 23 25 26 29 33 37 39 17 19 22 25 28 13 15 17 19 21 0 0 0 0 0 17 19 22 25 28 12 14 16 18 20 
10 11 13 14 15 0 0 0 0 0 20 23 26 28 32 20 23 26 29 32 17 19 22 24 27 26 29 33 36 39 22 25 28 31 35 17 19 22 24 28 11 12 14 16 18 27 30 34 38 40 
13 15 17 19 20 11 12 14 15 18 12 14 16 18 19 12 13 15 16 18 16 18 21 23 25 22 25 28 30 33 21 24 27 30 32 24 27 31 35 39 0 0 0 0 0 16 18 20 22 26 
24 27 30 34 36 25 28 32 35 38 8 9 11 12 14 16 18 20 23 24 26 29 33 37 41 15 17 19 20 23 25 28 32 35 39 0 0 0 0 0 16 18 21 23 26 20 22 25 28 31 
25 2353 7
24 27 30 33 38 9 10 12 14 16 19 21 24 27 28 24 27 30 34 38 12 14 16 18 21 20 23 26 28 33 0 0 0 0 0 25 28 32 36 39 8 9 10 12 14 18 20 23 26 28 
15 17 19 21 24 18 20 23 25 27 12 13 15 17 19 21 24 27 30 34 20 23 26 29 32 0 0 0 0 0 23 26 29 31 34 8 9 10 11 12 12 14 16 18 19 11 12 14 16 18 
21 24 27 29 33 18 20 23 26 28 17 19 22 25 26 20 22 25 28 32 8 9 10 11 14 9 10 12 13 14 8 9 10 11 13 25 28 32 35 39 26 29 33 37 40 0 0 0 0 0 
22 25 28 31 35 16 18 20 22 26 20 22 25 27 30 25 28 32 35 39 24 27 31 35 38 24 27 31 34 37 0 0 0 0 0 25 28 32 35 38 25 28 32 36 39 18 20 23 25 28 
12 14 16 17 19 8 9 11 12 14 22 25 28 30 34 21 24 27 29 32 20 22 25 28 32 26 29 33 37 39 15 17 19 21 24 15 17 19 21 23 13 15 17 18 21 0 0 0 0 0 
15 17 19 21 22 8 9 10 12 14 16 18 20 22 24 8 9 11 12 14 21 24 27 29 33 12 14 16 18 20 0 0 0 0 0 22 25 28 30 33 15 17 19 20 22 10 11 13 15 16 
8 9 10 11 13 21 24 27 30 32 0 0 0 0 0 23 26 29 32 34 16 18 20 22 25 15 17 19 21 22 16 18 20 22 26 25 28 32 35 40 26 29 33 37 40 12 14 16 18 20 
26 2593 9
8 9 10 12 14 13 15 17 19 22 15 17 19 21 23 23 26 29 31 35 14 16 18 19 22 12 13 15 17 18 25 28 32 36 40 9 10 12 14 16 8 9 11 12 15 0 0 0 0 0 
8 9 10 12 12 13 15 17 19 20 0 0 0 0 0 23 26 29 32 36 25 28 32 35 38 20 22 25 27 32 9 10 12 13 14 20 23 26 28 33 25 28 32 35 40 17 19 22 25 27 
14 16 18 20 21 8 9 11 13 14 0 0 0 0 0 8 9 11 13 15 15 17 19 21 23 25 28 32 36 39 10 11 13 15 17 19 21 24 27 30 11 12 14 15 17 20 23 26 28 31 
19 21 24 26 28 16 18 20 22 24 8 9 10 11 13 8 9 11 13 15 21 24 27 30 33 20 23 26 28 32 11 12 14 16 17 8 9 11 13 13 18 20 23 25 28 0 0 0 0 0 
24 27 31 35 39 0 0 0 0 0 24 27 30 34 36 17 19 22 24 28 14 16 18 20 22 16 18 20 22 24 12 13 15 16 19 17 19 22 25 27 18 20 23 26 28 19 21 24 26 28 
11 12 14 16 17 18 20 23 26 28 0 0 0 0 0 18 20 23 26 28 27 30 34 37 40 21 24 27 30 33 18 20 23 26 28 25 28 32 36 39 14 16 18 19 23 14 16 18 19 22 
0 0 0 0 0 8 9 11 12 14 18 20 23 25 29 24 27 31 35 38 8 9 10 11 13 23 26 29 31 34 8 9 11 12 13 17 19 22 24 28 20 22 25 27 30 16 18 20 23 25 
19 21 24 27 30 12 14 16 18 21 11 12 14 16 16 16 18 20 22 26 18 20 23 25 27 0 0 0 0 0 24 27 30 33 37 8 9 11 12 13 12 14 16 17 19 15 17 19 20 23 
20 22 25 27 31 8 9 11 12 13 12 14 16 18 20 16 18 21 24 27 14 16 18 20 21 13 15 17 18 21 23 26 29 31 36 22 25 28 31 33 9 10 12 14 15 0 0 0 0 0 
27 2106 9
0 0 0 0 0 21 24 27 30 32 23 26 29 31 34 16 18 21 23 27 8 9 10 11 14 13 15 17 18 21 19 21 24 26 30 10 11 13 15 16 18 20 23 25 28 18 20 23 25 27 
20 22 25 28 30 17 19 22 25 28 0 0 0 0 0 14 16 18 20 23 14 16 18 19 23 16 18 20 22 24 14 16 18 19 23 19 21 24 26 30 23 26 29 31 34 14 16 18 20 23 
0 0 0 0 0 16 18 21 23 26 11 12 14 16 16 18 20 23 26 28 15 17 19 20 24 27 30 34 38 42 8 9 10 11 14 18 20 23 26 28 16 18 20 23 24 25 28 32 35 38 
23 26 29 31 35 21 24 27 29 34 23 26 29 32 34 16 18 20 22 26 16 18 20 22 24 17 19 22 24 27 9 10 12 14 15 0 0 0 0 0 23 26 29 32 36 11 12 14 16 17 
12 13 15 17 20 24 27 31 35 37 19 21 24 27 28 8 9 10 12 12 20 22 25 27 30 0 0 0 0 0 25 28 32 35 38 17 19 22 24 28 10 11 13 15 17 11 12 14 16 17 
13 15 17 18 21 0 0 0 0 0 16 18 21 24 27 18 20 23 25 29 16 18 21 24 26 26 29 33 37 39 24 27 31 34 39 17 19 22 24 27 26 29 33 36 41 16 18 21 23 27 
13 15 17 18 20 12 13 15 17 20 26 29 33 36 40 19 21 24 27 30 12 14 16 17 20 0 0 0 0 0 10 11 13 15 16 27 30 34 38 40 16 18 20 23 25 10 11 13 15 15 
19 21 24 26 30 18 20 23 25 29 24 27 31 34 39 11 12 14 15 18 17 19 22 25 26 0 0 0 0 0 8 9 10 11 13 23 26 29 31 35 12 14 16 18 19 21 24 27 29 32 
0 0 0 0 0 15 17 19 20 22 14 16 18 19 23 25 28 32 36 40 20 23 26 29 32 21 24 27 29 33 16 18 21 24 25 20 22 25 27 31 15 17 19 21 23 8 9 11 12 15 
28 2716 7
20 22 25 28 31 8 9 10 11 13 13 15 17 19 21 24 27 31 34 37 19 21 24 27 28 12 13 15 16 18 14 16 18 19 22 15 17 19 20 22 21 24 27 30 34 0 0 0 0 0 
24 27 31 34 37 12 13 15 16 18 24 27 31 34 38 13 15 17 19 22 13 15 17 18 22 12 13 15 16 19 0 0 0 0 0 11 12 14 16 18 8 9 11 13 14 14 16 18 20 22 
13 15 17 18 22 12 14 16 18 21 17 19 22 25 28 22 25 28 30 33 0 0 0 0 0 18 20 23 26 28 15 17 19 21 22 24 27 31 35 38 20 23 26 29 32 24 27 30 34 37 
22 25 28 30 34 23 26 29 31 34 12 13 15 16 19 15 17 19 20 24 13 15 17 18 22 18 20 23 26 28 20 22 25 27 32 0 0 0 0 0 25 28 32 36 38 25 28 32 35 39 
25 28 32 36 40 14 16 18 19 22 16 18 21 23 25 10 11 13 15 15 26 29 33 36 39 20 23 26 28 33 12 13 15 17 18 24 27 31 34 39 0 0 0 0 0 21 24 27 29 33 
24 27 30 34 36 8 9 11 12 15 0 0 0 0 0 21 24 27 29 33 8 9 11 12 14 22 25 28 30 33 13 15 17 19 20 12 14 16 17 19 19 21 24 27 30 20 22 25 28 30 
14 16 18 20 22 14 16 18 20 22 0 0 0 0 0 10 11 13 14 17 20 22 25 28 31 20 23 26 28 33 22 25 28 31 35 8 9 11 13 14 24 27 31 34 38 10 11 13 14 15 
29 2893 8
19 21 24 27 30 18 20 23 26 27 0 0 0 0 0 8 9 11 12 13 16 18 21 24 26 17 19 22 25 27 23 26 29 31 36 22 25 28 30 35 19 21 24 26 29 13 15 17 19 21 
0 0 0 0 0 19 21 24 26 28 23 26 29 31 34 8 9 11 12 13 12 14 16 17 20 18 20 23 25 27 25 28 32 35 39 22 25 28 30 35 17 19 22 25 26 22 25 28 30 33 
27 30 34 37 40 22 25 28 31 33 10 11 13 14 15 26 29 33 37 41 24 27 30 33 38 10 11 13 15 15 0 0 0 0 0 8 9 10 12 13 13 15 17 18 21 24 27 30 33 37 
17 19 22 25 26 22 25 28 30 35 12 14 16 17 19 0 0 0 0 0 19 21 24 27 28 14 16 18 20 23 10 11 13 15 17 12 14 16 18 19 15 17 19 21 22 8 9 10 12 12 
8 9 11 13 13 26 29 33 37 39 0 0 0 0 0 15 17 19 21 23 8 9 11 13 14 15 17 19 21 24 9 10 12 14 14 26 29 33 37 40 27 30 34 38 40 8 9 10 11 12 
20 23 26 29 31 16 18 20 23 24 8 9 10 12 13 24 27 30 33 38 11 12 14 15 17 0 0 0 0 0 12 13 15 17 18 21 24 27 30 34 22 25 28 30 34 10 11 13 15 15 
23 26 29 32 36 16 18 21 23 25 20 23 26 28 32 17 19 22 25 27 10 11 13 14 15 13 15 17 18 20 0 0 0 0 0 16 18 21 24 26 11 12 14 15 18 12 14 16 18 20 
8 9 10 11 14 10 11 13 14 16 15 17 19 20 23 10 11 13 14 15 21 24 27 29 32 14 16 18 20 22 0 0 0 0 0 12 14 16 17 21 20 23 26 29 31 16 18 20 22 25 
30 1090 8
8 9 11 13 14 20 22 25 28 31 20 23 26 28 33 21 24 27 30 32 8 9 11 12 13 12 14 16 17 19 0 0 0 0 0 24 27 31 35 38 8 9 11 13 15 16 18 20 22 24 
0 0 0 0 0 17 19 22 24 26 20 22 25 28 30 18 20 23 25 28 12 14 16 17 19 8 9 10 12 13 15 17 19 21 22 24 27 30 33 38 22 25 28 31 35 8 9 11 13 15 
21 24 27 30 33 8 9 11 13 13 16 18 20 22 26 24 27 30 34 37 11 12 14 16 18 0 0 0 0 0 18 20 23 25 28 24 27 30 33 36 8 9 11 13 15 16 18 21 24 26 
8 9 11 12 15 23 26 29 32 36 12 13 15 17 18 8 9 11 13 15 16 18 21 24 25 12 13 15 17 18 0 0 0 0 0 10 11 13 15 15 24 27 30 34 38 21 24 27 30 33 
22 25 28 30 35 0 0 0 0 0 17 19 22 25 26 8 9 11 12 13 13 15 17 19 21 17 19 22 25 26 24 27 30 34 38 12 13 15 17 20 12 13 15 17 19 13 15 17 19 21 
18 20 23 25 27 17 19 22 25 26 21 24 27 29 32 8 9 10 11 13 26 29 33 36 39 21 24 27 30 34 20 23 26 29 33 0 0 0 0 0 25 28 32 36 40 21 24 27 30 32 
25 28 32 36 38 16 18 20 23 25 14 16 18 20 22 20 22 25 28 31 0 0 0 0 0 10 11 13 14 16 8 9 11 13 14 13 15 17 19 20 9 10 12 14 14 23 26 29 32 36 
22 25 28 30 34 24 27 30 34 37 23 26 29 31 35 24 27 30 34 36 24 27 30 33 36 15 17 19 21 23 0 0 0 0 0 9 10 12 14 16 27 30 34 37 42 8 9 10 12 12 
31 2216 6
20 23 26 29 32 12 14 16 18 21 12 13 15 16 19 9 10 12 14 14 8 9 11 13 14 20 23 26 28 31 24 27 30 34 36 0 0 0 0 0 24 27 30 34 38 8 9 10 12 13 
17 19 22 25 28 23 26 29 31 36 27 30 34 37 40 10 11 13 14 15 18 20 23 25 28 19 21 24 27 30 23 26 29 31 34 0 0 0 0 0 26 29 33 36 41 24 27 30 34 37 
11 12 14 15 18 11 12 14 15 17 26 29 33 36 41 24 27 30 33 38 10 11 13 15 15 20 22 25 27 32 11 12 14 16 17 0 0 0 0 0 10 11 13 15 15 14 16 18 19 23 
8 9 10 11 13 16 18 21 23 27 19 21 24 26 28 22 25 28 31 34 0 0 0 0 0 24 27 30 33 38 8 9 10 11 12 26 29 33 36 40 27 30 34 38 40 18 20 23 26 28 
17 19 22 25 27 16 18 21 23 26 10 11 13 15 15 20 22 25 27 30 0 0 0 0 0 24 27 31 35 38 23 26 29 32 34 19 21 24 27 29 15 17 19 21 24 8 9 10 11 14 
0 0 0 0 0 16 18 20 22 24 8 9 10 11 13 19 21 24 26 28 22 25 28 31 35 13 15 17 19 22 12 14 16 18 20 22 25 28 31 35 24 27 31 35 37 12 13 15 16 19 
32 2159 7
9 10 12 14 16 15 17 19 21 24 12 13 15 17 19 8 9 10 12 12 27 30 34 37 41 20 22 25 28 30 25 28 32 36 40 11 12 14 15 16 12 14 16 17 19 0 0 0 0 0 
16 18 20 22 26 10 11 13 14 17 22 25 28 31 35 27 30 34 37 41 15 17 19 21 24 12 14 16 17 19 13 15 17 18 22 13 15 17 19 21 9 10 12 14 16 0 0 0 0 0 
22 25 28 30 35 12 13 15 16 18 19 21 24 27 28 24 27 31 34 37 8 9 10 12 14 0 0 0 0 0 11 12 14 16 16 27 30 34 37 42 11 12 14 16 17 24 27 31 35 37 
27 30 34 38 41 19 21 24 27 28 24 27 30 34 37 25 28 32 36 40 20 22 25 28 30 20 23 26 29 32 15 17 19 20 22 8 9 10 11 14 0 0 0 0 0 17 19 22 25 27 
15 17 19 21 24 0 0 0 0 0 26 29 33 36 39 13 15 17 19 20 23 26 29 32 35 8 9 11 12 15 12 13 15 16 20 19 21 24 27 29 9 10 12 13 15 16 18 21 23 27 
13 15 17 18 22 11 12 14 15 18 18 20 23 26 27 23 26 29 32 36 25 28 32 36 40 18 20 23 25 29 0 0 0 0 0 18 20 23 26 28 20 23 26 29 32 17 19 22 25 26 
12 13 15 16 19 12 13 15 17 20 22 25 28 31 33 17 19 22 25 28 21 24 27 29 33 24 27 31 34 37 16 18 20 22 26 16 18 21 24 27 11 12 14 16 18 0 0 0 0 0 
33 1352 7
0 0 0 0 0 8 9 10 12 12 12 14 16 18 20 8 9 10 12 12 24 27 31 34 39 12 14 16 18 21 18 20 23 26 28 16 18 21 23 26 12 14 16 18 19 16 18 21 24 25 
22 25 28 30 34 13 15 17 19 22 8 9 10 11 12 0 0 0 0 0 14 16 18 20 23 17 19 22 25 26 15 17 19 20 24 8 9 11 12 13 27 30 34 38 41 27 30 34 38 42 
12 14 16 17 21 23 26 29 32 35 16 18 21 23 25 12 14 16 18 20 26 29 33 36 39 18 20 23 25 28 11 12 14 16 16 0 0 0 0 0 11 12 14 15 17 11 12 14 15 18 
24 27 30 33 36 23 26 29 31 35 22 25 28 30 34 16 18 20 23 24 21 24 27 29 32 12 14 16 17 19 24 27 31 35 38 0 0 0 0 0 21 24 27 30 34 17 19 22 25 28 
8 9 10 12 13 24 27 30 34 37 11 12 14 16 17 16 18 21 23 25 19 21 24 27 30 24 27 31 35 38 17 19 22 24 28 0 0 0 0 0 12 14 16 18 20 20 23 26 29 32 
0 0 0 0 0 20 23 26 29 32 8 9 10 11 12 8 9 11 12 13 8 9 11 13 15 8 9 11 13 13 17 19 22 24 26 12 14 16 17 21 19 21 24 26 28 10 11 13 15 17 
24 27 31 35 37 16 18 20 23 26 11 12 14 16 18 17 19 22 25 27 16 18 21 24 25 24 27 31 34 39 25 28 32 36 40 20 23 26 28 33 0 0 0 0 0 16 18 20 22 26 
34 1005 5
11 12 14 16 16 19 21 24 27 30 16 18 20 23 24 17 19 22 25 28 0 0 0 0 0 19 21 24 26 30 19 21 24 27 28 13 15 17 19 22 24 27 31 35 37 11 12 14 16 16 
24 27 31 35 39 0 0 0 0 0 8 9 10 11 12 26 29 33 37 41 9 10 12 14 14 20 23 26 28 33 26 29 33 36 40 19 21 24 26 29 8 9 10 11 14 9 10 12 13 16 
16 18 20 22 26 14 16 18 19 22 12 14 16 18 20 18 20 23 25 28 10 11 13 14 16 12 14 16 17 19 24 27 31 34 38 0 0 0 0 0 19 21 24 26 28 16 18 20 23 25 
12 14 16 17 21 16 18 21 23 26 12 14 16 17 21 11 12 14 16 17 22 25 28 30 35 9 10 12 14 16 12 13 15 17 20 0 0 0 0 0 9 10 12 14 14 12 13 15 17 19 
11 12 14 16 17 8 9 10 12 14 16 18 20 23 25 10 11 13 15 17 9 10 12 14 15 13 15 17 18 20 15 17 19 20 24 11 12 14 15 17 20 22 25 28 31 0 0 0 0 0 
35 2757 5
16 18 21 24 26 21 24 27 30 32 0 0 0 0 0 15 17 19 20 23 23 26 29 32 35 12 13 15 17 19 26 29 33 36 41 26 29 33 37 41 8 9 10 11 12 20 22 25 28 32 
11 12 14 16 17 20 22 25 27 31 22 25 28 31 34 13 15 17 19 22 26 29 33 37 40 0 0 0 0 0 22 25 28 31 35 11 12 14 15 16 27 30 34 37 42 20 23 26 28 32 
8 9 11 12 14 20 22 25 28 32 21 24 27 29 33 25 28 32 36 39 8 9 10 11 14 0 0 0 0 0 21 24 27 30 34 15 17 19 20 23 20 22 25 27 31 18 20 23 25 27 
23 26 29 31 34 14 16 18 20 22 0 0 0 0 0 22 25 28 30 35 19 21 24 26 28 16 18 21 24 25 16 18 21 23 27 10 11 13 15 17 22 25 28 30 34 22 25 28 30 35 
10 11 13 14 15 10 11 13 14 15 19 21 24 26 28 12 14 16 17 20 8 9 10 11 14 0 0 0 0 0 12 14 16 18 21 12 14 16 17 21 13 15 17 19 21 20 22 25 27 30 
36 1493 5
15 17 19 21 23 10 11 13 15 16 20 23 26 29 32 12 14 16 17 21 20 22 25 28 32 0 0 0 0 0 26 29 33 37 39 15 17 19 21 22 17 19 22 24 26 20 22 25 28 31 
25 28 32 35 40 24 27 30 34 38 0 0 0 0 0 21 24 27 29 33 21 24 27 30 33 8 9 10 12 12 9 10 12 13 16 17 19 22 25 27 24 27 30 34 36 16 18 21 24 26 
27 30 34 38 41 18 20 23 25 28 12 14 16 18 20 23 26 29 32 36 14 16 18 20 22 26 29 33 36 40 8 9 11 13 14 8 9 11 13 15 0 0 0 0 0 26 29 33 37 41 
0 0 0 0 0 12 14 16 17 19 24 27 30 34 36 12 14 16 17 20 8 9 10 12 14 22 25 28 30 34 12 13 15 16 20 14 16 18 19 21 20 23 26 28 33 26 29 33 37 40 
8 9 11 12 15 26 29 33 37 40 8 9 11 13 14 21 24 27 29 33 8 9 10 12 12 0 0 0 0 0 8 9 11 13 14 24 27 31 35 38 14 16 18 19 22 17 19 22 25 26 
37 2347 5
9 10 12 13 16 19 21 24 27 29 16 18 20 23 25 16 18 21 23 25 12 13 15 17 20 18 20 23 25 27 0 0 0 0 0 24 27 31 34 37 20 22 25 28 31 14 16 18 19 21 
20 22 25 28 31 23 26 29 31 35 17 19 22 25 28 10 11 13 14 17 13 15 17 19 20 24 27 31 34 38 21 24 27 29 33 0 0 0 0 0 17 19 22 24 28 8 9 10 11 13 
24 27 30 33 36 11 12 14 15 16 20 22 25 27 31 25 28 32 35 40 23 26 29 31 35 8 9 10 11 13 0 0 0 0 0 24 27 31 35 39 16 18 20 23 25 18 20 23 26 27 
13 15 17 18 20 0 0 0 0 0 21 24 27 29 32 20 23 26 29 31 12 13 15 16 19 11 12 14 15 18 17 19 22 24 26 15 17 19 20 24 12 13 15 17 19 18 20 23 26 27 
12 14 16 18 20 22 25 28 30 33 27 30 34 38 42 25 28 32 36 39 16 18 21 24 27 10 11 13 14 17 19 21 24 27 29 17 19 22 24 26 11 12 14 16 18 0 0 0 0 0 
38 2019 9
20 23 26 29 33 24 27 31 34 39 8 9 10 12 12 0 0 0 0 0 24 27 30 34 38 16 18 21 23 27 19 21 24 26 28 20 23 26 29 32 18 20 23 25 27 21 24 27 29 32 
9 10 12 13 16 11 12 14 15 16 0 0 0 0 0 20 22 25 28 31 27 30 34 37 40 17 19 22 24 28 27 30 34 37 42 14 16 18 20 23 25 28 32 35 40 12 13 15 16 19 
27 30 34 37 41 26 29 33 36 39 24 27 31 35 39 19 21 24 27 30 20 23 26 28 32 18 20 23 25 29 16 18 21 23 27 11 12 14 15 18 0 0 0 0 0 26 29 33 36 39 
0 0 0 0 0 24 27 30 34 37 8 9 10 11 12 10 11 13 14 17 27 30 34 38 40 22 25 28 31 34 22 25 28 30 35 13 15 17 18 22 22 25 28 30 35 24 27 31 35 38 
24 27 30 33 38 8 9 10 12 12 14 16 18 19 21 9 10 12 14 15 26 29 33 37 41 11 12 14 15 18 10 11 13 15 16 0 0 0 0 0 13 15 17 18 22 12 14 16 17 21 
16 18 20 23 25 0 0 0 0 0 8 9 10 11 14 19 21 24 27 28 20 22 25 27 30 12 14 16 17 19 17 19 22 24 28 27 30 34 37 42 23 26 29 31 36 19 21 24 26 30 
15 17 19 20 24 24 27 31 34 37 10 11 13 14 17 8 9 11 13 13 0 0 0 0 0 21 24 27 30 32 15 17 19 20 24 16 18 20 23 26 9 10 12 13 16 11 12 14 16 17 
11 12 14 16 18 14 16 18 19 23 26 29 33 36 41 0 0 0 0 0 20 22 25 28 31 15 17 19 20 24 11 12 14 15 17 12 14 16 17 19 20 22 25 28 31 8 9 10 11 13 
13 15 17 19 22 11 12 14 15 18 8 9 11 13 13 0 0 0 0 0 12 14 16 17 21 9 10 12 14 16 13 15 17 19 21 8 9 10 12 14 10 11 13 14 17 26 29 33 37 40 
39 2934 6
16 18 20 22 24 17 19 22 25 27 8 9 10 11 13 13 15 17 19 20 0 0 0 0 0 21 24 27 29 34 14 16 18 20 22 21 24 27 30 33 24 27 30 34 37 20 22 25 27 30 
0 0 0 0 0 27 30 34 38 42 14 16 18 19 21 17 19 22 25 28 9 10 12 13 14 14 16 18 19 21 16 18 21 23 27 27 30 34 38 40 12 14 16 17 21 15 17 19 20 23 
18 20 23 26 27 24 27 31 34 37 15 17 19 21 22 0 0 0 0 0 22 25 28 31 33 8 9 11 13 15 12 14 16 17 21 8 9 11 13 15 9 10 12 14 16 13 15 17 18 20 
8 9 10 12 12 0 0 0 0 0 12 13 15 17 20 13 15 17 19 20 13 15 17 19 22 12 13 15 17 18 14 16 18 20 21 21 24 27 30 32 26 29 33 37 41 24 27 31 34 39 
8 9 11 12 14 24 27 31 35 38 12 13 15 16 19 14 16 18 20 21 14 16 18 19 23 16 18 20 22 26 13 15 17 19 20 16 18 21 24 26 18 20 23 25 28 0 0 0 0 0 
0 0 0 0 0 16 18 20 23 26 10 11 13 14 17 13 15 17 18 22 10 11 13 15 15 20 22 25 27 32 20 22 25 28 32 10 11 13 15 16 24 27 30 33 37 21 24 27 29 32 
40 1097 6
0 0 0 0 0 25 28 32 35 40 11 12 14 15 18 17 19 22 24 26 8 9 11 12 15 17 19 22 24 28 11 12 14 16 16 27 30 34 38 41 23 26 29 32 35 20 22 25 27 30 
22 25 28 30 34 20 22 25 28 32 26 29 33 36 39 8 9 11 12 14 25 28 32 35 40 24 27 30 33 36 22 25 28 31 34 0 0 0 0 0 11 12 14 16 16 12 14 16 17 19 
24 27 31 35 38 13 15 17 18 21 23 26 29 32 36 14 16 18 19 22 0 0 0 0 0 27 30 34 38 41 14 16 18 19 21 23 26 29 31 34 24 27 31 35 38 8 9 10 12 12 
25 28 32 35 40 13 15 17 19 22 0 0 0 0 0 15 17 19 20 24 27 30 34 37 41 20 22 25 27 30 19 21 24 27 29 14 16 18 20 21 24 27 31 35 39 13 15 17 19 22 
15 17 19 21 24 0 0 0 0 0 9 10 12 14 16 13 15 17 18 22 27 30 34 38 41 21 24 27 30 33 14 16 18 19 23 15 17 19 21 23 23 26 29 32 34 24 27 30 33 36 
23 26 29 32 36 11 12 14 15 17 0 0 0 0 0 20 23 26 28 32 17 19 22 24 26 12 14 16 18 21 15 17 19 21 24 25 28 32 35 39 23 26 29 32 35 22 25 28 30 33 
41 2062 5
14 16 18 19 22 12 14 16 17 20 0 0 0 0 0 21 24 27 29 33 8 9 10 12 14 14 16 18 19 22 14 16 18 20 23 24 27 30 34 36 8 9 11 12 13 20 22 25 27 30 
14 16 18 19 23 24 27 31 35 37 27 30 34 37 41 25 28 32 36 40 8 9 10 11 14 27 30 34 37 42 20 23 26 28 31 11 12 14 16 18 0 0 0 0 0 22 25 28 31 35 
11 12 14 16 18 16 18 21 24 27 0 0 0 0 0 16 18 21 23 27 16 18 20 22 26 16 18 20 23 24 8 9 10 11 12 14 16 18 20 23 27 30 34 38 41 16 18 21 24 26 
22 25 28 31 33 18 20 23 26 29 12 13 15 17 19 26 29 33 37 39 18 20 23 26 29 27 30 34 38 40 10 11 13 15 15 14 16 18 19 23 16 18 21 24 25 0 0 0 0 0 
23 26 29 32 35 20 22 25 28 32 24 27 30 34 36 11 12 14 16 17 20 22 25 27 31 20 23 26 28 33 26 29 33 36 40 19 21 24 26 30 0 0 0 0 0 16 18 21 24 25 
42 1383 8
15 17 19 21 24 9 10 12 14 15 16 18 21 24 25 22 25 28 30 33 18 20 23 25 28 22 25 28 31 35 24 27 31 35 39 0 0 0 0 0 23 26 29 31 34 20 22 25 28 32 
22 25 28 31 34 0 0 0 0 0 15 17 19 20 24 26 29 33 36 41 16 18 21 23 27 24 27 30 34 38 26 29 33 36 40 10 11 13 15 16 15 17 19 20 23 22 25 28 31 35 
27 30 34 37 40 16 18 21 24 26 9 10 12 14 14 22 25 28 31 34 18 20 23 26 28 21 24 27 29 32 21 24 27 30 33 8 9 10 11 13 9 10 12 13 15 0 0 0 0 0 
8 9 11 12 14 8 9 10 12 13 8 9 10 11 14 20 22 25 27 32 0 0 0 0 0 22 25 28 31 34 15 17 19 21 22 16 18 21 23 25 23 26 29 32 36 8 9 10 12 12 
17 19 22 25 26 9 10 12 13 15 24 27 31 35 37 21 24 27 30 32 0 0 0 0 0 15 17 19 21 22 13 15 17 18 21 20 22 25 27 30 20 23 26 28 32 17 19 22 25 28 
16 18 21 23 26 17 19 22 24 26 11 12 14 16 18 9 10 12 13 15 25 28 32 35 38 20 23 26 28 33 22 25 28 30 34 0 0 0 0 0 10 11 13 14 16 20 22 25 27 30 
10 11 13 14 15 9 10 12 13 16 16 18 21 23 27 9 10 12 14 16 19 21 24 27 29 9 10 12 14 14 24 27 31 34 38 10 11 13 15 16 0 0 0 0 0 16 18 21 24 25 
20 22 25 27 31 16 18 20 22 26 0 0 0 0 0 26 29 33 36 41 20 23 26 28 33 15 17 19 21 22 24 27 30 34 38 20 23 26 28 31 24 27 31 35 39 13 15 17 18 22 
43 1204 7
0 0 0 0 0 10 11 13 15 16 12 13 15 17 19 12 14 16 17 19 16 18 21 24 26 9 10 12 13 14 14 16 18 19 23 22 25 28 31 33 24 27 30 33 37 25 28 32 35 39 
9 10 12 14 15 20 23 26 29 32 16 18 21 23 27 11 12 14 15 17 14 16 18 19 21 27 30 34 38 41 0 0 0 0 0 23 26 29 32 36 27 30 34 37 41 16 18 21 24 25 
24 27 31 35 39 0 0 0 0 0 23 26 29 32 35 19 21 24 26 28 16 18 21 24 27 12 13 15 17 19 11 12 14 15 17 22 25 28 31 35 20 23 26 29 33 16 18 20 22 26 
14 16 18 19 22 16 18 21 24 27 24 27 31 34 39 21 24 27 30 32 25 28 32 36 40 26 29 33 37 39 0 0 0 0 0 20 22 25 28 32 18 20 23 25 29 8 9 11 13 14 
14 16 18 19 21 24 27 31 35 38 24 27 30 34 36 20 23 26 29 33 23 26 29 31 36 21 24 27 30 34 14 16 18 19 23 8 9 10 11 12 12 13 15 16 19 0 0 0 0 0 
27 30 34 38 41 23 26 29 31 35 0 0 0 0 0 23 26 29 31 34 12 14 16 18 19 8 9 11 13 15 12 13 15 17 19 23 26 29 32 36 22 25 28 31 34 26 29 33 36 41 
20 23 26 29 32 24 27 30 34 37 21 24 27 29 33 22 25 28 30 35 20 23 26 29 32 0 0 0 0 0 27 30 34 37 40 20 23 26 28 32 8 9 11 13 15 22 25 28 31 34 
44 1075 10
20 22 25 28 32 0 0 0 0 0 12 13 15 17 20 8 9 11 12 14 16 18 20 23 25 8 9 10 11 12 11 12 14 16 18 27 30 34 38 40 21 24 27 30 32 10 11 13 15 16 
11 12 14 15 16 24 27 31 34 37 23 26 29 32 34 0 0 0 0 0 10 11 13 14 15 16 18 20 23 24 18 20 23 26 27 22 25 28 30 35 19 21 24 27 29 13 15 17 18 20 
19 21 24 27 29 24 27 30 34 38 8 9 11 13 13 8 9 11 12 13 18 20 23 26 29 9 10 12 14 16 16 18 21 24 25 24 27 30 33 37 0 0 0 0 0 16 18 20 23 24 
10 11 13 15 15 15 17 19 21 24 0 0 0 0 0 26 29 33 36 40 23 26 29 31 34 14 16 18 19 22 13 15 17 18 20 13 15 17 18 20 17 19 22 24 28 20 23 26 29 32 
20 23 26 29 32 11 12 14 15 18 16 18 21 24 25 21 24 27 30 32 0 0 0 0 0 12 14 16 17 19 19 21 24 26 29 8 9 10 12 14 16 18 21 23 26 11 12 14 16 17 
9 10 12 14 16 16 18 21 23 27 0 0 0 0 0 11 12 14 16 16 16 18 20 22 25 24 27 31 34 38 14 16 18 20 22 17 19 22 24 27 20 22 25 28 31 8 9 11 12 14 
14 16 18 20 22 20 23 26 29 33 11 12 14 15 18 0 0 0 0 0 18 20 23 26 28 27 30 34 38 40 22 25 28 30 35 16 18 21 23 25 19 21 24 27 29 8 9 11 13 14 
25 28 32 35 39 21 24 27 30 34 0 0 0 0 0 16 18 21 24 25 13 15 17 18 21 19 21 24 26 28 8 9 11 12 14 26 29 33 36 39 12 14 16 17 21 12 13 15 17 18 
20 23 26 29 31 22 25 28 30 34 0 0 0 0 0 23 26 29 31 35 15 17 19 21 23 26 29 33 37 39 24 27 31 34 38 26 29 33 36 40 14 16 18 19 22 9 10 12 14 16 
23 26 29 31 34 23 26 29 32 36 17 19 22 24 26 0 0 0 0 0 20 23 26 28 33 25 28 32 35 38 20 23 26 28 31 10 11 13 14 17 8 9 10 11 13 23 26 29 32 35 
45 1628 5
16 18 21 23 27 17 19 22 24 26 26 29 33 36 40 9 10 12 14 14 20 23 26 29 33 0 0 0 0 0 19 21 24 26 29 16 18 20 23 26 27 30 34 37 42 10 11 13 15 16 
27 30 34 37 40 0 0 0 0 0 14 16 18 19 22 9 10 12 13 16 11 12 14 16 18 8 9 11 13 15 21 24 27 30 34 22 25 28 30 34 26 29 33 36 39 20 23 26 29 32 
9 10 12 13 16 13 15 17 18 22 9 10 12 14 14 8 9 11 13 13 15 17 19 21 24 22 25 28 30 33 0 0 0 0 0 13 15 17 18 22 13 15 17 19 22 12 13 15 16 19 
0 0 0 0 0 16 18 20 22 24 12 13 15 16 19 10 11 13 14 16 12 14 16 17 21 23 26 29 32 34 24 27 30 33 38 8 9 11 12 14 26 29 33 36 39 24 27 31 34 39 
12 13 15 16 20 0 0 0 0 0 14 16 18 19 22 16 18 21 24 27 11 12 14 15 18 11 12 14 15 18 11 12 14 15 16 18 20 23 26 28 16 18 20 23 26 8 9 10 12 13 
46 2573 7
23 26 29 32 36 11 12 14 15 16 0 0 0 0 0 12 14 16 17 21 20 22 25 27 31 14 16 18 19 23 27 30 34 38 41 24 27 30 34 38 23 26 29 31 34 12 13 15 17 18 
21 24 27 30 34 20 22 25 28 31 15 17 19 21 24 20 23 26 28 32 26 29 33 36 41 0 0 0 0 0 9 10 12 14 16 20 23 26 29 32 14 16 18 19 21 25 28 32 35 38 
24 27 31 35 38 0 0 0 0 0 25 28 32 35 40 12 14 16 18 19 17 19 22 25 27 15 17 19 20 24 16 18 21 24 26 22 25 28 30 35 20 22 25 28 30 12 13 15 16 18 
15 17 19 21 24 18 20 23 26 28 23 26 29 31 36 10 11 13 15 15 23 26 29 31 36 0 0 0 0 0 8 9 10 11 12 13 15 17 19 22 16 18 20 22 26 16 18 20 22 26 
9 10 12 13 16 8 9 10 12 13 17 19 22 25 26 20 23 26 28 31 27 30 34 37 40 0 0 0 0 0 24 27 31 35 38 17 19 22 24 26 14 16 18 19 23 11 12 14 15 16 
18 20 23 26 27 24 27 31 35 39 18 20 23 25 28 8 9 10 12 13 12 14 16 18 21 22 25 28 31 34 17 19 22 24 26 0 0 0 0 0 14 16 18 19 22 19 21 24 26 29 
16 18 20 22 26 17 19 22 25 28 8 9 10 12 14 18 20 23 26 29 0 0 0 0 0 23 26 29 31 34 13 15 17 19 21 19 21 24 26 30 20 23 26 29 33 9 10 12 14 15 
47 2989 5
8 9 11 12 15 10 11 13 14 16 16 18 20 23 25 17 19 22 25 28 15 17 19 21 22 9 10 12 13 14 0 0 0 0 0 12 14 16 18 19 12 13 15 16 20 23 26 29 31 36 
10 11 13 15 16 18 20 23 26 28 18 20 23 25 29 10 11 13 14 16 16 18 21 24 26 0 0 0 0 0 19 21 24 27 29 19 21 24 26 28 25 28 32 36 39 9 10 12 14 16 
26 29 33 36 39 18 20 23 25 28 10 11 13 15 16 27 30 34 38 40 25 28 32 35 40 21 24 27 30 34 8 9 11 13 13 0 0 0 0 0 12 13 15 17 20 20 23 26 29 32 
25 28 32 36 40 8 9 10 11 14 17 19 22 25 26 24 27 31 35 39 11 12 14 15 16 8 9 10 11 13 23 26 29 31 34 0 0 0 0 0 25 28 32 35 38 14 16 18 19 22 
24 27 30 33 36 25 28 32 36 38 0 0 0 0 0 27 30 34 38 40 27 30 34 37 42 13 15 17 18 21 22 25 28 30 35 26 29 33 36 41 8 9 10 11 14 10 11 13 14 17 
48 1526 7
10 11 13 14 16 10 11 13 14 16 24 27 31 35 39 15 17 19 21 22 20 22 25 27 31 22 25 28 30 34 12 13 15 16 20 23 26 29 31 34 14 16 18 20 22 0 0 0 0 0 
10 11 13 14 15 18 20 23 25 27 24 27 30 34 38 16 18 20 23 24 27 30 34 38 41 25 28 32 35 40 9 10 12 14 16 14 16 18 19 23 0 0 0 0 0 21 24 27 29 34 
16 18 20 23 25 0 0 0 0 0 20 23 26 28 32 14 16 18 19 21 21 24 27 29 32 8 9 11 13 13 12 13 15 17 18 25 28 32 36 38 26 29 33 37 39 16 18 21 23 26 
10 11 13 14 17 24 27 30 33 38 25 28 32 36 39 24 27 30 33 36 12 13 15 17 20 17 19 22 25 27 0 0 0 0 0 15 17 19 20 23 15 17 19 20 24 18 20 23 25 27 
13 15 17 19 21 17 19 22 24 26 26 29 33 36 41 8 9 10 11 12 8 9 11 12 14 10 11 13 14 15 22 25 28 30 35 18 20 23 25 29 0 0 0 0 0 16 18 20 22 25 
14 16 18 19 23 24 27 30 33 36 26 29 33 36 39 18 20 23 26 28 18 20 23 26 28 19 21 24 26 30 23 26 29 32 36 0 0 0 0 0 22 25 28 31 34 22 25 28 31 35 
20 22 25 28 30 8 9 11 13 14 11 12 14 16 16 22 25 28 30 34 0 0 0 0 0 16 18 20 23 26 24 27 31 35 38 26 29 33 37 40 16 18 20 23 26 21 24 27 30 34 
49 1402 5
16 18 21 24 26 0 0 0 0 0 12 13 15 16 18 12 13 15 17 18 24 27 31 35 38 8 9 10 12 12 10 11 13 15 16 16 18 20 23 24 20 22 25 27 32 12 13 15 16 19 
24 27 31 35 39 24 27 30 34 38 25 28 32 36 39 13 15 17 19 22 20 23 26 28 31 25 28 32 35 38 0 0 0 0 0 8 9 10 11 12 27 30 34 37 42 23 26 29 31 36 
0 0 0 0 0 18 20 23 25 29 27 30 34 38 41 11 12 14 16 16 14 16 18 19 21 24 27 30 33 37 13 15 17 19 20 20 22 25 27 30 20 23 26 29 33 13 15 17 19 20 
21 24 27 29 33 21 24 27 29 32 19 21 24 26 30 12 13 15 16 18 8 9 10 11 14 21 24 27 29 34 13 15 17 18 22 16 18 21 23 26 19 21 24 26 30 0 0 0 0 0 
24 27 30 34 36 22 25 28 30 35 14 16 18 19 22 19 21 24 27 28 20 22 25 27 32 24 27 30 33 38 20 22 25 28 30 24 27 31 34 39 0 0 0 0 0 20 23 26 29 33 
50 1557 5
14 16 18 19 22 20 22 25 27 32 15 17 19 21 22 13 15 17 18 20 24 27 30 33 36 12 14 16 17 19 0 0 0 0 0 15 17 19 20 24 24 27 30 34 38 9 10 12 13 14 
8 9 11 12 14 13 15 17 18 20 24 27 31 35 38 25 28 32 35 38 21 24 27 29 32 13 15 17 19 20 25 28 32 36 40 20 22 25 28 30 0 0 0 0 0 18 20 23 25 28 
18 20 23 25 29 16 18 20 23 25 23 26 29 32 35 12 13 15 16 19 15 17 19 21 22 16 18 21 23 26 0 0 0 0 0 16 18 21 24 26 22 25 28 30 34 10 11 13 14 17 
0 0 0 0 0 12 13 15 17 19 8 9 10 12 13 13 15 17 18 22 8 9 10 12 13 19 21 24 27 29 15 17 19 21 22 18 20 23 25 27 15 17 19 21 24 22 25 28 31 34 
20 23 26 28 32 10 11 13 15 16 0 0 0 0 0 16 18 20 23 25 14 16 18 19 21 23 26 29 32 34 11 12 14 16 16 11 12 14 16 18 27 30 34 38 40 23 26 29 31 34 
51 1823 6
26 29 33 36 39 16 18 21 24 26 8 9 10 11 12 0 0 0 0 0 20 23 26 28 33 17 19 22 24 27 20 23 26 28 32 27 30 34 37 42 12 13 15 17 19 24 27 30 33 36 
23 26 29 31 34 0 0 0 0 0 12 14 16 17 20 20 23 26 29 31 17 19 22 24 26 10 11 13 14 16 21 24 27 29 32 8 9 11 12 14 26 29 33 36 41 21 24 27 30 34 
20 23 26 28 33 8 9 11 12 15 8 9 10 11 14 23 26 29 31 36 0 0 0 0 0 24 27 31 35 37 24 27 31 34 37 10 11 13 14 15 24 27 31 34 38 18 20 23 26 28 
9 10 12 14 16 13 15 17 19 20 20 23 26 29 33 15 17 19 20 22 0 0 0 0 0 16 18 21 23 27 16 18 21 23 25 16 18 20 23 24 20 22 25 28 32 8 9 10 11 14 
11 12 14 16 17 20 23 26 29 32 26 29 33 37 41 10 11 13 15 16 0 0 0 0 0 17 19 22 24 26 14 16 18 20 22 14 16 18 19 23 23 26 29 31 36 16 18 20 23 25 
16 18 21 24 25 13 15 17 18 20 23 26 29 32 35 20 22 25 28 30 8 9 11 12 15 19 21 24 26 30 0 0 0 0 0 24 27 30 33 36 13 15 17 18 22 21 24 27 29 34 
52 2854 10
15 17 19 21 23 27 30 34 38 41 19 21 24 26 29 14 16 18 20 22 14 16 18 19 22 27 30 34 38 42 26 29 33 36 41 25 28 32 35 38 9 10 12 13 14 0 0 0 0 0 
17 19 22 24 26 13 15 17 18 22 26 29 33 37 40 11 12 14 16 16 0 0 0 0 0 19 21 24 26 28 16 18 21 24 26 25 28 32 36 39 24 27 30 34 37 8 9 11 12 14 
12 13 15 17 19 11 12 14 15 18 0 0 0 0 0 26 29 33 37 40 16 18 20 23 26 11 12 14 16 18 12 13 15 16 19 16 18 20 22 25 17 19 22 24 27 16 18 20 22 25 
15 17 19 21 23 0 0 0 0 0 20 23 26 29 31 17 19 22 25 28 25 28 32 35 39 19 21 24 26 28 24 27 31 35 37 11 12 14 15 17 20 22 25 27 31 9 10 12 14 16 
22 25 28 31 34 16 18 21 24 26 9 10 12 14 14 26 29 33 36 40 0 0 0 0 0 26 29 33 36 40 18 20 23 25 29 8 9 10 11 13 13 15 17 19 22 18 20 23 26 29 
12 14 16 17 19 8 9 11 13 14 18 20 23 26 28 24 27 30 34 36 14 16 18 19 22 16 18 21 23 25 0 0 0 0 0 13 15 17 18 21 12 13 15 17 18 8 9 10 12 12 
16 18 21 24 25 8 9 11 13 13 27 30 34 37 41 17 19 22 25 26 16 18 20 23 24 22 25 28 31 35 8 9 11 12 13 0 0 0 0 0 10 11 13 15 15 14 16 18 20 23 
14 16 18 20 23 16 18 20 23 25 20 23 26 29 33 24 27 30 34 36 24 27 31 34 38 10 11 13 14 16 8 9 10 11 13 0 0 0 0 0 12 14 16 18 20 16 18 21 23 27 
12 13 15 16 18 20 23 26 29 33 24 27 31 35 38 10 11 13 14 15 26 29 33 36 39 16 18 21 23 26 12 13 15 16 20 24 27 31 35 37 16 18 20 22 26 0 0 0 0 0 
0 0 0 0 0 24 27 31 35 38 21 24 27 29 32 23 26 29 32 35 9 10 12 13 15 11 12 14 15 18 9 10 12 13 15 24 27 31 34 39 20 23 26 28 31 19 21 24 27 30 
53 1975 9
24 27 31 35 39 26 29 33 37 41 12 13 15 17 19 8 9 11 12 15 12 14 16 18 19 16 18 21 23 27 16 18 21 24 26 12 13 15 17 18 0 0 0 0 0 17 19 22 24 27 
18 20 23 25 27 20 22 25 28 31 25 28 32 36 40 24 27 31 35 39 19 21 24 27 30 19 21 24 27 28 26 29 33 36 41 25 28 32 35 39 20 22 25 27 31 0 0 0 0 0 
20 22 25 27 30 15 17 19 21 23 12 14 16 17 21 21 24 27 30 32 16 18 21 23 27 16 18 20 23 26 0 0 0 0 0 12 14 16 17 21 19 21 24 27 28 20 23 26 29 31 
24 27 30 33 36 26 29 33 37 40 13 15 17 18 20 24 27 31 34 38 0 0 0 0 0 26 29 33 36 40 12 13 15 17 19 21 24 27 29 34 23 26 29 32 36 24 27 30 34 38 
18 20 23 25 28 12 14 16 17 19 17 19 22 25 27 9 10 12 13 16 16 18 21 23 27 8 9 11 13 13 0 0 0 0 0 22 25 28 30 35 17 19 22 24 26 14 16 18 19 22 
0 0 0 0 0 24 27 30 34 38 14 16 18 19 21 14 16 18 19 22 24 27 31 34 37 25 28 32 35 40 23 26 29 32 34 18 20 23 26 28 22 25 28 31 33 15 17 19 21 24 
15 17 19 21 24 8 9 11 12 14 20 22 25 28 31 16 18 21 23 26 18 20 23 25 29 24 27 30 33 36 19 21 24 26 28 23 26 29 32 35 0 0 0 0 0 22 25 28 31 33 
10 11 13 14 16 12 13 15 17 20 14 16 18 20 22 25 28 32 35 39 8 9 10 12 14 21 24 27 30 32 0 0 0 0 0 8 9 10 12 12 17 19 22 25 27 8 9 10 12 14 
24 27 31 35 39 0 0 0 0 0 12 14 16 17 19 11 12 14 15 18 12 13 15 17 20 12 14 16 18 19 22 25 28 30 35 8 9 11 13 13 8 9 10 11 12 17 19 22 24 26 
54 2733 9
26 29 33 37 39 0 0 0 0 0 16 18 20 23 25 11 12 14 16 18 23 26 29 32 36 20 23 26 28 32 12 13 15 16 20 18 20 23 26 28 20 22 25 28 30 15 17 19 20 23 
25 28 32 35 40 24 27 30 34 36 0 0 0 0 0 16 18 21 23 26 10 11 13 14 15 20 22 25 27 32 21 24 27 29 33 25 28 32 36 38 22 25 28 31 35 26 29 33 37 41 
15 17 19 20 22 0 0 0 0 0 12 14 16 17 19 16 18 20 23 25 8 9 10 11 13 19 21 24 26 30 13 15 17 19 22 23 26 29 32 34 12 13 15 16 20 22 25 28 31 33 
21 24 27 29 34 8 9 10 11 14 18 20 23 25 29 24 27 31 35 38 17 19 22 24 26 16 18 20 22 25 12 14 16 17 21 15 17 19 20 24 9 10 12 13 15 0 0 0 0 0 
24 27 31 35 39 19 21 24 26 28 22 25 28 30 33 19 21 24 26 29 17 19 22 25 27 26 29 33 36 40 13 15 17 18 21 0 0 0 0 0 8 9 11 12 15 24 27 31 35 39 
20 23 26 29 33 20 23 26 29 33 21 24 27 30 34 15 17 19 20 24 25 28 32 35 39 9 10 12 14 15 14 16 18 19 21 0 0 0 0 0 20 23 26 29 33 11 12 14 16 17 
10 11 13 14 16 20 22 25 28 31 0 0 0 0 0 27 30 34 38 42 20 23 26 29 33 20 23 26 28 31 12 13 15 17 18 20 22 25 28 31 14 16 18 20 22 10 11 13 14 16 
0 0 0 0 0 18 20 23 25 28 24 27 31 35 39 12 14 16 17 21 24 27 30 33 37 18 20 23 25 29 8 9 11 12 15 25 28 32 35 39 12 14 16 18 20 10 11 13 14 15 
12 13 15 17 18 24 27 30 33 38 14 16 18 19 22 11 12 14 15 18 10 11 13 14 17 12 13 15 17 18 24 27 30 33 37 0 0 0 0 0 27 30 34 38 42 20 23 26 28 33 
55 1893 8
16 18 21 23 27 0 0 0 0 0 14 16 18 20 23 8 9 10 12 12 8 9 10 12 12 10 11 13 14 15 26 29 33 36 40 23 26 29 32 36 8 9 10 11 12 24 27 31 34 39 
21 24 27 29 33 27 30 34 37 41 12 13 15 17 20 24 27 30 34 38 10 11 13 15 17 15 17 19 20 22 19 21 24 27 28 10 11 13 15 16 0 0 0 0 0 10 11 13 14 16 
16 18 20 22 24 10 11 13 14 17 0 0 0 0 0 24 27 30 34 38 13 15 17 19 22 12 14 16 18 19 24 27 30 34 38 22 25 28 30 35 26 29 33 37 41 24 27 30 33 36 
20 23 26 29 32 23 26 29 32 34 12 14 16 18 21 20 23 26 29 33 25 28 32 36 40 25 28 32 36 40 8 9 10 11 12 21 24 27 30 32 9 10 12 13 14 0 0 0 0 0 
15 17 19 20 24 16 18 20 23 26 13 15 17 18 21 24 27 31 35 38 24 27 30 34 38 18 20 23 26 29 13 15 17 18 21 14 16 18 20 21 0 0 0 0 0 17 19 22 25 26 
14 16 18 20 22 20 23 26 29 33 24 27 30 34 37 10 11 13 14 16 10 11 13 15 17 0 0 0 0 0 22 25 28 31 35 20 23 26 29 31 25 28 32 36 39 10 11 13 15 16 
20 22 25 28 30 21 24 27 30 33 20 22 25 28 30 20 22 25 27 30 23 26 29 32 35 0 0 0 0 0 20 22 25 27 31 17 19 22 25 27 22 25 28 30 35 8 9 11 13 14 
24 27 30 33 38 19 21 24 26 30 19 21 24 26 29 9 10 12 13 15 25 28 32 36 38 15 17 19 20 24 24 27 30 34 37 24 27 31 35 39 24 27 31 34 38 0 0 0 0 0 
56 1519 5
16 18 21 24 25 24 27 31 34 37 19 21 24 27 29 16 18 21 23 26 14 16 18 20 23 24 27 31 35 39 20 22 25 28 30 0 0 0 0 0 8 9 11 12 14 24 27 30 34 38 
20 23 26 29 32 12 13 15 16 19 24 27 31 35 38 22 25 28 30 34 11 12 14 15 18 10 11 13 14 16 12 14 16 18 21 22 25 28 31 33 14 16 18 20 23 0 0 0 0 0 
11 12 14 15 17 0 0 0 0 0 13 15 17 19 22 15 17 19 20 23 24 27 31 35 39 24 27 30 34 36 16 18 21 23 26 11 12 14 16 16 17 19 22 24 28 10 11 13 14 16 
24 27 31 34 37 15 17 19 20 23 16 18 20 23 24 9 10 12 14 16 8 9 11 12 13 15 17 19 21 22 22 25 28 30 34 0 0 0 0 0 25 28 32 36 40 24 27 30 33 37 
22 25 28 30 34 21 24 27 29 33 0 0 0 0 0 20 23 26 28 32 24 27 30 33 36 20 22 25 28 32 16 18 20 22 24 8 9 11 12 15 18 20 23 26 29 25 28 32 36 40 
57 2209 10
21 24 27 29 33 16 18 21 23 26 0 0 0 0 0 11 12 14 15 16 18 20 23 25 27 12 13 15 17 18 8 9 11 13 15 26 29 33 36 40 24 27 30 34 38 15 17 19 20 23 
20 22 25 28 31 27 30 34 37 42 27 30 34 37 41 19 21 24 26 30 17 19 22 24 28 0 0 0 0 0 27 30 34 38 40 18 20 23 26 27 20 22 25 28 30 20 23 26 29 31 
24 27 31 35 37 12 13 15 16 19 11 12 14 15 18 15 17 19 20 24 16 18 20 22 24 12 13 15 17 18 26 29 33 36 40 9 10 12 14 15 0 0 0 0 0 13 15 17 19 22 
10 11 13 14 15 8 9 11 12 15 24 27 31 35 37 20 23 26 28 32 14 16 18 19 21 12 13 15 16 20 0 0 0 0 0 10 11 13 15 15 25 28 32 35 39 22 25 28 31 35 
25 28 32 36 38 0 0 0 0 0 12 13 15 17 18 15 17 19 20 24 20 23 26 29 32 20 22 25 27 30 22 25 28 31 33 9 10 12 13 14 14 16 18 20 23 20 22 25 28 31 
18 20 23 25 29 9 10 12 13 14 25 28 32 35 38 27 30 34 38 41 0 0 0 0 0 22 25 28 30 35 22 25 28 30 33 26 29 33 36 40 14 16 18 19 23 16 18 21 24 26 
8 9 10 11 14 18 20 23 25 28 23 26 29 31 34 27 30 34 38 41 24 27 30 33 36 22 25 28 31 34 25 28 32 35 38 11 12 14 15 18 0 0 0 0 0 8 9 10 12 12 
20 22 25 28 31 23 26 29 32 35 11 12 14 15 16 24 27 30 34 37 13 15 17 19 20 0 0 0 0 0 15 17 19 20 24 13 15 17 18 21 12 14 16 17 21 9 10 12 13 15 
26 29 33 37 41 24 27 31 34 39 0 0 0 0 0 9 10 12 14 16 26 29 33 37 40 26 29 33 36 40 13 15 17 18 21 22 25 28 31 33 16 18 20 23 24 12 13 15 16 18 
10 11 13 15 15 8 9 11 13 14 16 18 21 23 27 25 28 32 35 40 20 23 26 28 31 21 24 27 29 34 8 9 10 12 14 22 25 28 30 34 0 0 0 0 0 26 29 33 37 41 
58 1149 6
22 25 28 30 34 23 26 29 31 36 27 30 34 38 41 15 17 19 20 23 9 10 12 14 14 10 11 13 15 16 24 27 31 34 39 0 0 0 0 0 20 22 25 27 30 23 26 29 32 34 
8 9 11 12 14 13 15 17 18 20 14 16 18 19 22 8 9 11 13 14 10 11 13 14 16 24 27 31 34 39 9 10 12 13 15 0 0 0 0 0 8 9 11 12 14 19 21 24 26 29 
22 25 28 31 33 22 25 28 31 34 24 27 31 34 37 13 15 17 18 21 11 12 14 16 17 17 19 22 25 27 0 0 0 0 0 14 16 18 19 23 19 21 24 26 30 10 11 13 15 17 
27 30 34 37 41 10 11 13 14 16 24 27 31 35 38 15 17 19 21 24 24 27 30 34 38 16 18 20 23 24 16 18 20 23 25 8 9 10 11 13 13 15 17 19 21 0 0 0 0 0 
13 15 17 18 20 22 25 28 30 34 17 19 22 24 27 9 10 12 13 16 19 21 24 27 28 9 10 12 14 15 17 19 22 25 27 17 19 22 25 26 19 21 24 27 30 0 0 0 0 0 
12 14 16 17 20 10 11 13 14 15 9 10 12 14 14 12 13 15 16 19 11 12 14 16 18 17 19 22 24 26 0 0 0 0 0 21 24 27 29 32 21 24 27 29 33 8 9 11 13 14 
59 2106 9
10 11 13 15 16 26 29 33 36 40 14 16 18 20 23 8 9 10 12 13 20 22 25 28 30 18 20 23 26 27 20 22 25 28 30 20 23 26 29 31 14 16 18 20 23 0 0 0 0 0 
20 23 26 29 32 20 23 26 28 31 15 17 19 21 23 14 16 18 20 21 9 10 12 14 16 19 21 24 27 30 16 18 21 24 27 0 0 0 0 0 10 11 13 14 15 26 29 33 37 39 
10 11 13 15 17 15 17 19 21 22 12 14 16 17 21 25 28 32 35 40 10 11 13 14 16 24 27 31 34 39 0 0 0 0 0 10 11 13 14 17 13 15 17 19 21 25 28 32 35 39 
13 15 17 19 20 27 30 34 37 41 0 0 0 0 0 12 14 16 17 19 15 17 19 21 22 25 28 32 35 38 20 22 25 27 30 24 27 30 33 36 23 26 29 32 34 17 19 22 24 26 
21 24 27 30 33 16 18 21 24 25 20 23 26 29 32 26 29 33 36 41 22 25 28 31 35 8 9 10 12 12 24 27 30 34 38 0 0 0 0 0 10 11 13 15 15 24 27 31 34 39 
17 19 22 24 26 15 17 19 21 22 10 11 13 15 15 16 18 21 23 26 14 16 18 20 21 21 24 27 29 32 20 22 25 27 30 15 17 19 20 24 10 11 13 14 17 0 0 0 0 0 
12 13 15 16 20 0 0 0 0 0 23 26 29 31 34 10 11 13 15 17 8 9 11 13 13 19 21 24 27 30 24 27 30 34 38 19 21 24 26 30 24 27 31 34 38 9 10 12 13 14 
9 10 12 13 15 8 9 10 12 12 24 27 31 34 38 0 0 0 0 0 25 28 32 36 39 12 14 16 17 19 23 26 29 32 35 17 19 22 25 26 23 26 29 31 35 10 11 13 15 17 
9 10 12 13 14 17 19 22 24 26 10 11 13 14 17 16 18 21 24 25 11 12 14 15 16 16 18 20 22 25 22 25 28 30 33 27 30 34 38 41 0 0 0 0 0 23 26 29 31 36 
60 2876 5
0 0 0 0 0 8 9 10 11 14 15 17 19 21 23 17 19 22 24 27 11 12 14 15 17 21 24 27 30 34 8 9 11 12 14 19 21 24 26 28 12 13 15 17 19 9 10 12 13 14 
13 15 17 19 20 18 20 23 25 29 23 26 29 31 36 20 23 26 28 33 18 20 23 26 27 0 0 0 0 0 12 14 16 17 21 16 18 20 23 24 25 28 32 36 40 16 18 20 22 24 
24 27 31 34 39 26 29 33 37 40 11 12 14 15 17 11 12 14 16 16 19 21 24 27 29 17 19 22 24 27 8 9 10 12 12 16 18 21 24 25 0 0 0 0 0 16 18 20 23 24 
16 18 20 22 24 24 27 30 34 38 22 25 28 30 34 15 17 19 20 22 15 17 19 20 22 0 0 0 0 0 24 27 31 34 38 15 17 19 20 23 15 17 19 21 23 24 27 30 33 36 
0 0 0 0 0 27 30 34 38 41 20 22 25 27 32 23 26 29 31 34 11 12 14 16 16 26 29 33 36 41 13 15 17 19 20 10 11 13 14 16 11 12 14 15 17 9 10 12 14 14 
61 1834 7
10 11 13 14 16 10 11 13 15 15 18 20 23 26 29 0 0 0 0 0 20 22 25 28 30 20 23 26 29 33 16 18 20 22 24 8 9 11 13 15 16 18 20 22 26 12 14 16 17 21 
14 16 18 19 21 12 14 16 17 19 21 24 27 30 34 16 18 21 24 25 8 9 11 12 14 0 0 0 0 0 26 29 33 36 39 8 9 11 12 14 10 11 13 14 15 24 27 31 34 37 
16 18 21 23 26 17 19 22 24 27 13 15 17 19 22 10 11 13 14 15 12 14 16 18 20 16 18 20 23 25 0 0 0 0 0 26 29 33 36 40 19 21 24 27 28 17 19 22 25 26 
19 21 24 26 30 8 9 11 13 15 8 9 11 13 14 0 0 0 0 0 16 18 21 23 27 8 9 11 12 14 19 21 24 27 30 20 23 26 29 31 15 17 19 21 22 21 24 27 29 32 
12 13 15 16 20 21 24 27 30 32 13 15 17 19 20 14 16 18 20 21 26 29 33 36 41 10 11 13 15 16 24 27 30 33 37 0 0 0 0 0 14 16 18 20 23 21 24 27 29 32 
8 9 10 11 12 11 12 14 15 18 11 12 14 15 18 9 10 12 14 15 12 13 15 17 20 19 21 24 26 28 0 0 0 0 0 15 17 19 21 23 21 24 27 29 34 12 14 16 18 21 
21 24 27 30 34 17 19 22 25 27 20 22 25 28 30 9 10 12 13 15 0 0 0 0 0 13 15 17 19 22 19 21 24 27 30 21 24 27 30 34 8 9 10 12 13 24 27 30 34 36 
62 1030 9
27 30 34 37 40 0 0 0 0 0 23 26 29 31 34 26 29 33 37 39 8 9 11 13 13 23 26 29 32 34 24 27 30 33 37 18 20 23 26 28 11 12 14 15 17 17 19 22 25 27 
14 16 18 19 23 13 15 17 19 22 9 10 12 13 14 19 21 24 26 28 0 0 0 0 0 23 26 29 32 36 16 18 20 23 26 14 16 18 20 22 12 13 15 16 19 23 26 29 31 35 
24 27 30 34 37 27 30 34 38 40 20 23 26 29 31 9 10 12 13 15 14 16 18 20 21 27 30 34 38 40 12 14 16 17 20 0 0 0 0 0 8 9 10 11 14 22 25 28 30 35 
24 27 30 34 38 12 14 16 17 20 8 9 10 12 13 12 14 16 18 20 18 20 23 25 27 9 10 12 14 16 0 0 0 0 0 24 27 31 34 38 8 9 11 13 13 8 9 10 11 14 
13 15 17 19 21 23 26 29 31 34 20 23 26 28 31 0 0 0 0 0 24 27 30 33 38 8 9 11 13 13 8 9 11 12 15 12 13 15 16 20 16 18 21 23 27 26 29 33 36 40 
15 17 19 20 24 24 27 31 35 39 18 20 23 25 28 24 27 30 34 36 21 24 27 30 34 0 0 0 0 0 20 23 26 29 32 10 11 13 14 15 15 17 19 20 24 20 23 26 29 31 
27 30 34 38 41 20 22 25 27 31 24 27 30 34 38 17 19 22 24 27 23 26 29 31 36 12 13 15 16 20 23 26 29 32 35 10 11 13 15 16 12 13 15 16 20 0 0 0 0 0 
11 12 14 15 16 11 12 14 15 18 12 14 16 17 21 15 17 19 20 23 0 0 0 0 0 23 26 29 31 34 16 18 21 23 27 15 17 19 20 23 12 13 15 17 19 25 28 32 36 38 
25 28 32 35 38 8 9 10 11 13 10 11 13 15 17 0 0 0 0 0 12 14 16 18 19 11 12 14 16 16 24 27 30 33 37 20 22 25 27 32 14 16 18 19 22 20 22 25 27 31 
63 2590 6
27 30 34 38 41 14 16 18 20 21 24 27 31 34 37 26 29 33 36 40 14 16 18 20 22 0 0 0 0 0 19 21 24 26 29 21 24 27 30 33 18 20 23 26 28 20 23 26 29 32 
8 9 11 12 15 24 27 31 35 39 24 27 31 34 38 9 10 12 14 15 8 9 11 13 13 8 9 10 11 12 10 11 13 15 15 0 0 0 0 0 8 9 11 13 15 18 20 23 26 27 
22 25 28 31 33 0 0 0 0 0 9 10 12 14 16 9 10 12 13 15 12 14 16 17 20 24 27 31 35 38 27 30 34 38 42 14 16 18 20 21 13 15 17 19 20 24 27 31 35 39 
26 29 33 36 40 19 21 24 26 28 24 27 30 34 36 24 27 31 34 39 8 9 10 12 13 0 0 0 0 0 24 27 30 33 37 22 25 28 31 35 23 26 29 31 34 24 27 30 34 37 
9 10 12 14 15 12 14 16 18 19 24 27 31 34 38 14 16 18 19 21 15 17 19 20 22 14 16 18 20 21 8 9 11 13 13 15 17 19 21 24 0 0 0 0 0 17 19 22 24 28 
11 12 14 16 18 22 25 28 30 34 0 0 0 0 0 25 28 32 36 38 9 10 12 13 16 10 11 13 15 17 8 9 11 13 13 8 9 11 12 13 27 30 34 37 41 18 20 23 26 27 
64 2499 6
10 11 13 15 17 24 27 31 35 38 8 9 10 12 12 26 29 33 37 41 16 18 20 23 24 14 16 18 19 22 15 17 19 21 22 0 0 0 0 0 12 13 15 17 19 10 11 13 15 16 
9 10 12 13 16 21 24 27 30 32 26 29 33 36 39 26 29 33 36 41 12 13 15 17 20 16 18 20 22 26 13 15 17 19 22 19 21 24 26 30 18 20 23 25 27 0 0 0 0 0 
24 27 30 34 37 20 23 26 28 31 23 26 29 32 34 0 0 0 0 0 23 26 29 31 35 27 30 34 38 42 20 22 25 28 30 18 20 23 25 29 14 16 18 19 23 11 12 14 15 18 
10 11 13 15 17 0 0 0 0 0 24 27 31 35 37 15 17 19 21 22 27 30 34 38 41 23 26 29 31 35 11 12 14 16 18 16 18 21 24 26 25 28 32 36 40 24 27 30 34 37 
12 13 15 17 18 21 24 27 29 33 16 18 21 24 25 18 20 23 26 28 22 25 28 30 33 9 10 12 13 15 18 20 23 25 28 20 22 25 28 30 0 0 0 0 0 8 9 10 11 14 
19 21 24 26 30 0 0 0 0 0 26 29 33 37 40 19 21 24 27 30 14 16 18 20 23 26 29 33 36 41 11 12 14 16 17 18 20 23 25 29 23 26 29 32 34 17 19 22 24 28 
65 1236 6
11 12 14 15 18 16 18 21 23 25 23 26 29 32 35 11 12 14 16 17 23 26 29 32 34 16 18 20 23 26 9 10 12 14 15 8 9 11 13 14 12 14 16 17 20 0 0 0 0 0 
24 27 30 33 36 13 15 17 19 22 12 14 16 17 19 12 13 15 16 19 11 12 14 15 16 25 28 32 36 38 18 20 23 26 28 0 0 0 0 0 24 27 31 34 38 9 10 12 14 14 
13 15 17 19 22 8 9 11 12 14 25 28 32 36 39 9 10 12 13 14 21 24 27 30 32 0 0 0 0 0 25 28 32 36 38 18 20 23 25 28 10 11 13 14 15 16 18 21 23 27 
16 18 20 23 26 11 12 14 15 16 12 14 16 17 19 16 18 20 22 26 27 30 34 38 40 15 17 19 21 22 8 9 10 12 14 18 20 23 26 28 0 0 0 0 0 24 27 30 34 37 
23 26 29 32 35 10 11 13 14 15 27 30 34 38 41 10 11 13 15 15 20 22 25 27 30 11 12 14 16 17 17 19 22 24 28 18 20 23 26 29 0 0 0 0 0 10 11 13 14 16 
12 14 16 18 19 18 20 23 26 28 16 18 21 23 25 19 21 24 26 30 15 17 19 21 23 0 0 0 0 0 17 19 22 24 27 16 18 20 23 26 24 27 30 34 38 16 18 21 23 27 
66 1358 8
15 17 19 21 24 23 26 29 31 35 10 11 13 15 17 25 28 32 36 38 23 26 29 31 34 0 0 0 0 0 14 16 18 20 22 13 15 17 18 20 20 22 25 27 32 25 28 32 36 40 
12 13 15 16 20 0 0 0 0 0 8 9 11 12 14 12 13 15 16 18 10 11 13 14 16 16 18 21 23 25 16 18 21 24 26 24 27 31 34 39 20 22 25 27 31 12 13 15 16 19 
10 11 13 14 17 23 26 29 32 36 18 20 23 26 29 21 24 27 30 33 20 23 26 29 33 16 18 20 22 24 9 10 12 14 15 16 18 21 23 26 0 0 0 0 0 10 11 13 14 16 
12 14 16 18 20 24 27 30 33 36 24 27 31 35 39 15 17 19 21 24 24 27 30 34 37 9 10 12 14 16 0 0 0 0 0 16 18 20 23 24 12 13 15 16 18 8 9 10 11 13 
9 10 12 14 14 9 10 12 13 15 21 24 27 29 32 10 11 13 14 17 12 13 15 17 19 27 30 34 37 41 18 20 23 26 28 0 0 0 0 0 15 17 19 20 24 12 14 16 17 20 
8 9 10 11 12 8 9 11 13 15 19 21 24 27 28 0 0 0 0 0 16 18 20 22 25 22 25 28 31 34 20 22 25 28 32 21 24 27 30 33 20 22 25 27 32 17 19 22 24 27 
21 24 27 30 32 21 24 27 30 34 15 17 19 20 22 0 0 0 0 0 25 28 32 35 38 11 12 14 15 17 13 15 17 19 22 23 26 29 32 34 16 18 21 23 25 8 9 10 12 12 
10 11 13 15 17 24 27 30 34 37 16 18 20 23 24 21 24 27 30 34 16 18 20 22 26 24 27 30 33 37 24 27 30 34 36 13 15 17 19 20 17 19 22 24 28 0 0 0 0 0 
67 2226 6
15 17 19 20 22 13 15 17 18 20 8 9 10 11 12 24 27 31 35 39 16 18 20 23 24 26 29 33 36 40 10 11 13 15 15 24 27 31 34 37 19 21 24 27 30 0 0 0 0 0 
23 26 29 31 35 25 28 32 36 38 11 12 14 15 17 25 28 32 35 40 27 30 34 37 41 27 30 34 38 41 8 9 10 12 12 22 25 28 30 33 16 18 21 23 27 0 0 0 0 0 
13 15 17 18 22 20 22 25 27 31 26 29 33 36 40 22 25 28 30 34 20 22 25 28 32 12 13 15 17 18 0 0 0 0 0 20 23 26 29 32 16 18 20 22 26 11 12 14 15 16 
21 24 27 29 32 11 12 14 15 18 25 28 32 36 38 0 0 0 0 0 8 9 11 12 15 9 10 12 13 14 12 14 16 18 21 14 16 18 19 23 22 25 28 30 35 14 16 18 20 21 
24 27 31 35 39 16 18 20 23 26 10 11 13 14 17 0 0 0 0 0 13 15 17 19 21 10 11 13 15 16 13 15 17 18 21 23 26 29 32 34 11 12 14 15 18 17 19 22 25 26 
24 27 30 33 36 22 25 28 30 33 23 26 29 31 35 24 27 30 34 36 21 24 27 29 33 16 18 20 23 24 15 17 19 21 23 24 27 31 34 38 0 0 0 0 0 13 15 17 18 20 
68 2054 10
25 28 32 36 40 10 11 13 15 17 25 28 32 35 40 10 11 13 15 15 11 12 14 15 16 18 20 23 25 27 26 29 33 37 39 0 0 0 0 0 26 29 33 37 39 24 27 31 35 39 
20 23 26 29 33 22 25 28 31 34 8 9 10 12 12 12 13 15 17 18 0 0 0 0 0 15 17 19 21 23 27 30 34 37 40 14 16 18 19 22 14 16 18 20 21 20 23 26 28 33 
27 30 34 38 42 22 25 28 31 34 0 0 0 0 0 11 12 14 15 18 8 9 11 13 13 21 24 27 29 32 16 18 21 23 27 8 9 11 13 13 25 28 32 35 40 11 12 14 15 17 
11 12 14 16 17 13 15 17 19 21 0 0 0 0 0 24 27 31 35 38 24 27 30 34 36 26 29 33 36 40 9 10 12 13 16 24 27 31 35 37 10 11 13 14 15 16 18 21 23 25 
17 19 22 25 27 0 0 0 0 0 11 12 14 15 16 10 11 13 15 15 20 23 26 29 33 24 27 31 35 39 11 12 14 16 16 8 9 11 12 14 15 17 19 20 23 12 14 16 17 21 
20 23 26 28 32 8 9 10 11 13 18 20 23 25 27 27 30 34 37 42 14 16 18 20 23 10 11 13 15 16 19 21 24 27 29 0 0 0 0 0 15 17 19 21 23 27 30 34 38 41 
19 21 24 27 29 15 17 19 21 24 19 21 24 26 29 24 27 31 35 37 17 19 22 24 27 25 28 32 35 38 9 10 12 13 15 12 14 16 18 20 12 14 16 17 20 0 0 0 0 0 
12 14 16 18 21 0 0 0 0 0 22 25 28 31 34 14 16 18 19 21 24 27 30 33 37 20 22 25 28 32 8 9 10 12 12 18 20 23 25 29 10 11 13 15 15 19 21 24 27 29 
24 27 31 35 38 13 15 17 19 22 13 15 17 19 22 10 11 13 14 15 10 11 13 15 17 24 27 31 34 39 24 27 30 34 38 0 0 0 0 0 15 17 19 20 23 10 11 13 14 15 
9 10 12 14 15 8 9 11 12 13 12 13 15 17 18 12 13 15 16 19 8 9 10 12 13 10 11 13 15 17 20 23 26 29 32 0 0 0 0 0 20 23 26 29 33 10 11 13 15 16 
69 2680 8
19 21 24 26 30 21 24 27 30 33 25 28 32 36 38 0 0 0 0 0 16 18 20 23 26 11 12 14 15 17 22 25 28 31 33 23 26 29 32 35 9 10 12 14 16 21 24 27 29 34 
10 11 13 15 17 26 29 33 36 39 15 17 19 21 22 15 17 19 21 22 16 18 21 23 26 14 16 18 19 22 11 12 14 16 18 0 0 0 0 0 24 27 31 35 39 27 30 34 37 40 
19 21 24 26 29 14 16 18 19 23 0 0 0 0 0 20 22 25 28 31 19 21 24 27 28 8 9 11 12 14 8 9 11 13 15 16 18 21 24 25 8 9 10 12 13 21 24 27 29 32 
16 18 20 23 24 0 0 0 0 0 25 28 32 35 40 16 18 21 24 27 20 22 25 28 30 22 25 28 31 34 20 22 25 28 32 9 10 12 14 14 9 10 12 13 14 12 14 16 17 19 
16 18 21 24 27 27 30 34 38 41 24 27 30 33 36 25 28 32 36 40 27 30 34 37 40 12 13 15 16 18 24 27 30 34 37 14 16 18 19 21 25 28 32 36 38 0 0 0 0 0 
18 20 23 26 28 20 22 25 28 31 25 28 32 36 38 0 0 0 0 0 8 9 11 12 15 8 9 11 12 14 24 27 31 35 39 10 11 13 15 16 17 19 22 24 28 21 24 27 30 33 
0 0 0 0 0 8 9 11 12 15 23 26 29 32 34 18 20 23 26 29 24 27 30 34 38 27 30 34 37 41 12 14 16 17 20 9 10 12 14 15 8 9 10 12 14 19 21 24 27 29 
25 28 32 35 40 16 18 20 23 26 0 0 0 0 0 25 28 32 36 38 25 28 32 36 38 8 9 11 13 15 9 10 12 14 14 26 29 33 37 40 17 19 22 24 27 18 20 23 26 29 
70 2959 7
12 14 16 17 20 12 13 15 16 18 24 27 30 34 37 14 16 18 20 22 16 18 21 23 26 12 14 16 17 21 20 22 25 27 32 13 15 17 18 20 27 30 34 38 42 0 0 0 0 0 
20 23 26 29 33 12 14 16 17 21 21 24 27 30 32 9 10 12 13 16 12 13 15 16 19 12 13 15 16 20 13 15 17 19 20 0 0 0 0 0 9 10 12 14 16 23 26 29 32 35 
8 9 10 11 12 16 18 20 23 25 27 30 34 37 40 27 30 34 37 42 0 0 0 0 0 26 29 33 37 39 18 20 23 26 29 20 22 25 28 30 22 25 28 30 35 20 23 26 28 31 
16 18 21 23 27 22 25 28 30 35 15 17 19 21 22 26 29 33 37 40 0 0 0 0 0 20 23 26 29 32 19 21 24 27 28 22 25 28 30 35 17 19 22 25 27 14 16 18 19 21 
12 14 16 17 21 8 9 10 12 12 19 21 24 27 30 22 25 28 31 33 23 26 29 32 35 21 24 27 29 32 0 0 0 0 0 27 30 34 38 40 14 16 18 20 21 9 10 12 14 14 
20 22 25 27 30 20 22 25 28 31 8 9 10 11 14 25 28 32 36 40 8 9 11 12 15 26 29 33 37 41 12 14 16 18 19 20 23 26 29 33 0 0 0 0 0 16 18 20 23 24 
9 10 12 13 14 15 17 19 21 23 16 18 20 23 24 10 11 13 15 17 25 28 32 36 40 12 13 15 16 19 0 0 0 0 0 24 27 31 34 37 26 29 33 36 39 24 27 30 34 36 
71 1554 6
0 0 0 0 0 20 22 25 27 31 11 12 14 15 17 22 25 28 30 35 27 30 34 38 42 22 25 28 30 33 22 25 28 31 34 11 12 14 15 17 12 14 16 18 19 17 19 22 25 27 
20 23 26 28 32 12 13 15 17 20 0 0 0 0 0 11 12 14 16 16 23 26 29 32 36 27 30 34 38 40 16 18 20 22 24 24 27 30 33 37 21 24 27 29 34 10 11 13 14 16 
21 24 27 29 34 17 19 22 25 26 26 29 33 37 40 9 10 12 13 16 19 21 24 27 29 12 13 15 16 20 26 29 33 36 39 0 0 0 0 0 10 11 13 15 17 24 27 30 33 37 
0 0 0 0 0 14 16 18 19 22 21 24 27 30 34 25 28 32 35 39 16 18 21 24 27 20 22 25 27 32 16 18 20 23 24 8 9 10 12 12 16 18 20 23 26 19 21 24 26 30 
20 22 25 27 31 8 9 10 12 13 13 15 17 18 21 22 25 28 31 35 15 17 19 21 22 0 0 0 0 0 14 16 18 20 23 26 29 33 36 40 11 12 14 16 16 15 17 19 21 23 
0 0 0 0 0 13 15 17 18 20 12 13 15 17 19 13 15 17 19 20 19 21 24 26 29 13 15 17 19 22 15 17 19 21 23 18 20 23 25 27 24 27 30 34 37 11 12 14 15 16 
72 1082 9
20 22 25 27 30 20 22 25 28 32 21 24 27 29 32 12 13 15 16 18 12 13 15 16 20 12 13 15 17 18 20 22 25 27 32 0 0 0 0 0 8 9 10 11 12 24 27 31 35 37 
11 12 14 16 18 24 27 30 33 38 20 22 25 27 31 8 9 10 12 12 0 0 0 0 0 25 28 32 36 38 20 23 26 29 31 20 23 26 29 32 14 16 18 19 21 22 25 28 31 33 
20 23 26 29 33 8 9 10 12 12 12 13 15 17 19 0 0 0 0 0 26 29 33 36 41 9 10 12 14 15 16 18 21 24 27 23 26 29 32 35 12 14 16 17 20 24 27 30 34 38 
0 0 0 0 0 10 11 13 15 15 24 27 31 35 39 8 9 11 12 14 19 21 24 26 28 14 16 18 19 21 20 23 26 29 32 17 19 22 24 26 15 17 19 20 24 18 20 23 25 28 
16 18 21 23 27 14 16 18 20 23 0 0 0 0 0 9 10 12 14 14 21 24 27 29 33 24 27 31 35 38 13 15 17 19 22 8 9 10 12 13 23 26 29 32 35 12 13 15 16 18 
16 18 21 23 27 22 25 28 31 34 8 9 10 11 13 0 0 0 0 0 18 20 23 26 28 14 16 18 19 23 22 25 28 31 34 27 30 34 38 40 15 17 19 20 22 9 10 12 14 14 
22 25 28 31 35 20 23 26 28 31 11 12 14 16 16 13 15 17 18 22 11 12 14 16 17 0 0 0 0 0 18 20 23 26 29 16 18 20 22 25 18 20 23 26 28 26 29 33 36 41 
16 18 21 23 26 19 21 24 27 30 10 11 13 14 17 0 0 0 0 0 12 13 15 17 20 24 27 30 34 38 27 30 34 37 40 24 27 30 33 37 19 21 24 27 29 17 19 22 24 27 
17 19 22 25 28 17 19 22 25 26 22 25 28 31 34 0 0 0 0 0 24 27 30 34 36 23 26 29 31 36 13 15 17 19 21 19 21 24 26 30 23 26 29 32 35 16 18 20 23 25 
73 1752 9
21 24 27 30 33 15 17 19 21 23 24 27 31 35 39 26 29 33 36 39 0 0 0 0 0 8 9 11 13 13 25 28 32 35 38 9 10 12 14 14 8 9 11 13 13 20 22 25 28 32 
13 15 17 19 22 20 22 25 27 32 8 9 10 12 13 12 13 15 16 20 24 27 31 35 38 17 19 22 25 26 8 9 10 12 12 26 29 33 36 41 16 18 20 23 26 0 0 0 0 0 
10 11 13 14 16 15 17 19 20 22 20 23 26 28 32 21 24 27 29 33 22 25 28 30 34 25 28 32 35 40 16 18 20 22 26 0 0 0 0 0 25 28 32 35 38 10 11 13 15 15 
21 24 27 30 32 12 13 15 16 20 17 19 22 24 28 11 12 14 16 18 11 12 14 16 16 18 20 23 25 29 20 23 26 28 33 20 23 26 28 32 0 0 0 0 0 12 14 16 17 21 
19 21 24 26 28 21 24 27 30 33 19 21 24 27 28 10 11 13 15 17 17 19 22 24 28 12 13 15 17 20 12 14 16 17 19 16 18 21 24 26 0 0 0 0 0 17 19 22 25 28 
11 12 14 16 16 18 20 23 25 27 0 0 0 0 0 23 26 29 31 35 11 12 14 15 18 16 18 20 22 25 12 13 15 16 20 14 16 18 19 21 27 30 34 37 40 19 21 24 26 29 
24 27 30 34 37 11 12 14 15 16 9 10 12 13 15 20 22 25 27 31 19 21 24 27 28 0 0 0 0 0 24 27 30 33 37 17 19 22 24 28 8 9 11 13 13 24 27 31 35 39 
10 11 13 14 17 21 24 27 30 33 17 19 22 25 26 20 23 26 29 33 18 20 23 26 29 23 26 29 31 35 0 0 0 0 0 12 13 15 16 18 16 18 21 23 27 27 30 34 37 41 
16 18 21 24 27 8 9 10 12 13 0 0 0 0 0 9 10 12 13 14 24 27 31 34 39 11 12 14 15 16 22 25 28 31 33 20 23 26 29 33 24 27 31 34 39 21 24 27 29 32 
74 1675 5
10 11 13 15 15 18 20 23 25 28 17 19 22 24 28 9 10 12 14 15 10 11 13 14 16 18 20 23 25 27 18 20 23 25 28 0 0 0 0 0 14 16 18 20 22 20 22 25 27 30 
13 15 17 19 20 8 9 11 12 14 16 18 20 22 25 15 17 19 20 22 14 16 18 20 21 0 0 0 0 0 21 24 27 29 33 25 28 32 35 40 12 14 16 18 20 14 16 18 20 23 
25 28 32 36 40 12 13 15 17 18 16 18 20 23 26 10 11 13 15 16 14 16 18 20 22 24 27 30 33 36 11 12 14 16 18 18 20 23 25 28 0 0 0 0 0 26 29 33 37 41 
24 27 31 34 37 10 11 13 14 15 24 27 31 35 38 17 19 22 24 28 24 27 31 34 39 13 15 17 19 22 24 27 31 34 37 0 0 0 0 0 27 30 34 37 42 25 28 32 36 38 
26 29 33 36 40 25 28 32 35 39 10 11 13 14 15 15 17 19 20 22 20 22 25 27 31 0 0 0 0 0 8 9 10 12 12 23 26 29 31 35 8 9 10 11 14 21 24 27 29 33 
75 2194 9
11 12 14 16 18 21 24 27 29 32 20 23 26 29 32 0 0 0 0 0 15 17 19 21 24 8 9 11 13 15 24 27 30 33 38 21 24 27 30 34 14 16 18 19 22 19 21 24 26 28 
24 27 30 33 37 21 24 27 30 34 18 20 23 26 29 8 9 11 12 15 16 18 21 23 27 18 20 23 26 27 20 22 25 27 32 0 0 0 0 0 10 11 13 15 15 25 28 32 36 38 
20 22 25 27 31 8 9 10 12 14 12 14 16 17 20 16 18 21 23 26 8 9 11 12 14 11 12 14 15 18 8 9 10 11 14 16 18 20 22 24 0 0 0 0 0 12 13 15 17 20 
0 0 0 0 0 16 18 20 23 26 22 25 28 30 33 26 29 33 37 39 19 21 24 27 29 27 30 34 38 41 18 20 23 25 29 8 9 10 12 14 11 12 14 16 16 25 28 32 35 39 
8 9 11 12 15 21 24 27 29 34 0 0 0 0 0 11 12 14 15 18 8 9 10 11 14 23 26 29 31 35 8 9 10 11 13 9 10 12 13 14 11 12 14 16 17 25 28 32 35 40 
0 0 0 0 0 17 19 22 24 26 26 29 33 36 41 23 26 29 32 35 20 22 25 27 32 23 26 29 31 36 18 20 23 26 28 12 13 15 17 19 13 15 17 18 21 20 23 26 29 33 
23 26 29 32 35 12 13 15 16 20 22 25 28 31 33 22 25 28 31 35 25 28 32 35 40 27 30 34 38 41 22 25 28 31 33 0 0 0 0 0 22 25 28 30 34 22 25 28 30 34 
20 23 26 29 31 26 29 33 37 41 10 11 13 14 16 16 18 20 23 24 12 13 15 16 20 18 20 23 25 28 21 24 27 29 32 0 0 0 0 0 19 21 24 26 30 8 9 11 13 15 
23 26 29 31 35 16 18 20 22 25 22 25 28 31 34 19 21 24 27 29 16 18 20 23 25 9 10 12 13 15 0 0 0 0 0 23 26 29 31 34 25 28 32 35 38 23 26 29 32 35 
76 2754 6
12 14 16 17 21 0 0 0 0 0 19 21 24 26 30 18 20 23 26 28 23 26 29 32 35 14 16 18 19 23 21 24 27 30 32 25 28 32 36 38 16 18 21 24 25 17 19 22 25 27 
12 14 16 17 20 12 14 16 17 20 14 16 18 19 22 21 24 27 29 32 26 29 33 37 39 20 22 25 28 32 27 30 34 38 41 0 0 0 0 0 16 18 21 24 25 27 30 34 37 42 
13 15 17 18 21 15 17 19 20 23 22 25 28 31 34 8 9 11 13 13 10 11 13 14 17 0 0 0 0 0 24 27 30 33 38 12 14 16 17 20 25 28 32 36 38 16 18 20 22 25 
11 12 14 16 17 14 16 18 20 23 12 13 15 16 19 16 18 21 23 26 17 19 22 24 26 11 12 14 16 16 22 25 28 31 34 8 9 10 12 14 0 0 0 0 0 27 30 34 38 40 
9 10 12 13 16 20 22 25 28 31 25 28 32 36 40 15 17 19 20 22 8 9 10 11 14 13 15 17 18 21 0 0 0 0 0 16 18 20 23 25 22 25 28 31 33 12 13 15 16 19 
24 27 30 33 37 12 14 16 18 19 12 14 16 18 19 0 0 0 0 0 20 22 25 27 30 20 23 26 28 33 12 13 15 17 19 20 22 25 28 31 19 21 24 26 29 15 17 19 20 23 
77 1905 6
23 26 29 32 35 0 0 0 0 0 21 24 27 29 33 24 27 30 33 36 20 22 25 28 31 26 29 33 37 39 15 17 19 21 23 8 9 11 12 14 15 17 19 21 22 17 19 22 24 28 
27 30 34 37 41 8 9 10 12 13 26 29 33 36 41 17 19 22 25 26 9 10 12 13 16 14 16 18 20 21 16 18 21 24 26 0 0 0 0 0 10 11 13 15 16 9 10 12 13 14 
16 18 20 22 24 22 25 28 31 35 15 17 19 21 23 0 0 0 0 0 10 11 13 15 15 9 10 12 13 16 27 30 34 38 42 18 20 23 26 28 24 27 31 34 37 24 27 30 33 38 
27 30 34 38 41 0 0 0 0 0 17 19 22 25 28 18 20 23 25 27 18 20 23 25 27 12 13 15 16 18 16 18 21 24 26 15 17 19 21 24 22 25 28 30 35 24 27 31 35 38 
0 0 0 0 0 12 13 15 17 18 22 25 28 31 34 16 18 20 23 24 17 19 22 24 26 18 20 23 25 29 18 20 23 25 29 16 18 21 23 27 8 9 10 11 12 8 9 11 12 14 
8 9 11 12 14 14 16 18 19 23 19 21 24 27 30 0 0 0 0 0 15 17 19 21 24 14 16 18 19 23 24 27 30 33 37 24 27 31 35 37 15 17 19 20 24 14 16 18 20 23 
78 2154 9
13 15 17 19 20 17 19 22 25 28 13 15 17 18 21 18 20 23 25 27 14 16 18 20 21 14 16 18 19 22 13 15 17 19 20 8 9 10 12 12 21 24 27 30 33 0 0 0 0 0 
13 15 17 19 20 19 21 24 27 28 0 0 0 0 0 25 28 32 36 38 12 13 15 16 19 17 19 22 25 27 11 12 14 15 18 23 26 29 31 34 9 10 12 14 15 8 9 11 12 14 
0 0 0 0 0 14 16 18 20 21 12 13 15 16 18 20 22 25 27 32 12 14 16 17 21 27 30 34 37 42 14 16 18 19 22 17 19 22 24 28 8 9 10 12 13 19 21 24 26 28 
17 19 22 24 28 0 0 0 0 0 13 15 17 19 20 24 27 31 35 37 18 20 23 25 28 25 28 32 36 40 24 27 31 35 39 9 10 12 14 15 14 16 18 19 22 12 13 15 17 19 
22 25 28 31 34 9 10 12 13 16 13 15 17 19 21 11 12 14 16 18 16 18 20 23 26 17 19 22 25 28 20 23 26 29 32 16 18 20 22 24 0 0 0 0 0 15 17 19 21 22 
23 26 29 32 34 22 25 28 30 33 12 13 15 16 18 26 29 33 37 41 23 26 29 31 36 14 16 18 19 22 20 22 25 27 32 0 0 0 0 0 25 28 32 36 39 21 24 27 29 33 
18 20 23 25 28 18 20 23 25 28 0 0 0 0 0 14 16 18 19 21 20 22 25 27 31 22 25 28 30 33 22 25 28 30 33 27 30 34 37 41 18 20 23 26 27 21 24 27 30 32 
8 9 11 13 15 19 21 24 27 29 0 0 0 0 0 19 21 24 26 30 17 19 22 24 28 21 24 27 29 32 23 26 29 32 34 27 30 34 38 41 11 12 14 15 16 22 25 28 30 33 
11 12 14 16 18 20 23 26 29 32 0 0 0 0 0 24 27 30 33 38 12 14 16 17 21 20 23 26 28 33 15 17 19 20 23 16 18 21 24 27 9 10 12 13 15 20 23 26 28 33 
79 2429 6
12 13 15 17 18 19 21 24 26 30 17 19 22 24 27 20 22 25 28 31 0 0 0 0 0 19 21 24 27 29 20 23 26 28 31 13 15 17 18 22 16 18 21 24 26 27 30 34 37 41 
8 9 11 12 15 8 9 10 12 13 22 25 28 30 35 9 10 12 14 15 18 20 23 26 29 26 29 33 37 40 12 13 15 17 18 12 13 15 17 19 0 0 0 0 0 12 13 15 16 18 
0 0 0 0 0 16 18 21 23 27 8 9 10 12 14 15 17 19 20 22 11 12 14 16 17 25 28 32 35 40 17 19 22 25 26 9 10 12 13 15 8 9 10 12 14 27 30 34 37 40 
25 28 32 36 39 17 19 22 25 27 20 23 26 28 32 26 29 33 36 39 10 11 13 15 17 20 22 25 28 31 27 30 34 38 41 13 15 17 18 22 8 9 10 11 12 0 0 0 0 0 
22 25 28 31 34 27 30 34 37 40 20 22 25 27 30 22 25 28 30 34 17 19 22 25 26 9 10 12 14 16 11 12 14 16 18 21 24 27 30 32 0 0 0 0 0 8 9 11 13 15 
17 19 22 24 28 21 24 27 30 33 11 12 14 15 16 22 25 28 30 33 16 18 21 24 25 20 22 25 28 32 11 12 14 16 18 8 9 10 11 14 26 29 33 37 39 0 0 0 0 0 
0 1257 216 113 30 
1 1007 158 81 68 
2 1132 85 137 87 
3 1049 163 117 102 
4 1307 74 126 82 
5 1365 110 73 69 
6 1071 61 83 51 
7 1379 80 124 40 
8 1380 98 185 17 
9 1270 70 207 29 
17 50 8000 20000 0.52 0.78 30 5000 750 12500 0.43 0.49 900 10000 9746 5493 21 2.062
