50 7
0 1134 3
0 0 0 0 0 22 25 28 31 34 27 30 34 37 41 11 12 14 15 18 14 16 18 19 21 16 18 20 22 26 16 18 20 23 25 
0 0 0 0 0 16 18 21 24 27 16 18 20 23 25 24 27 31 35 37 21 24 27 30 32 16 18 21 23 26 22 25 28 31 35 
25 28 32 36 40 23 26 29 32 36 20 22 25 28 32 0 0 0 0 0 27 30 34 38 40 23 26 29 31 36 15 17 19 21 22 
1 2496 5
0 0 0 0 0 19 21 24 27 29 21 24 27 30 32 11 12 14 15 17 18 20 23 25 29 10 11 13 15 16 14 16 18 20 23 
18 20 23 25 29 26 29 33 37 41 21 24 27 30 32 12 14 16 18 19 11 12 14 16 16 0 0 0 0 0 20 22 25 28 31 
21 24 27 29 33 15 17 19 20 22 20 23 26 28 31 17 19 22 24 28 23 26 29 31 36 0 0 0 0 0 20 23 26 28 31 
15 17 19 21 22 23 26 29 32 36 0 0 0 0 0 17 19 22 24 28 16 18 21 24 25 16 18 21 24 25 11 12 14 15 17 
19 21 24 27 28 8 9 11 13 15 12 14 16 18 20 10 11 13 15 17 27 30 34 38 42 0 0 0 0 0 20 23 26 28 32 
2 2337 6
16 18 20 22 26 14 16 18 20 21 10 11 13 14 17 16 18 21 23 27 0 0 0 0 0 19 21 24 26 29 12 13 15 16 19 
19 21 24 27 30 27 30 34 38 40 17 19 22 24 27 26 29 33 36 40 0 0 0 0 0 24 27 30 34 37 20 23 26 28 32 
0 0 0 0 0 12 13 15 16 18 12 14 16 17 21 23 26 29 31 35 12 14 16 17 19 25 28 32 36 38 25 28 32 35 39 
8 9 10 11 13 21 24 27 30 34 16 18 20 22 26 8 9 10 12 13 26 29 33 37 40 0 0 0 0 0 24 27 31 34 38 
14 16 18 20 22 12 13 15 17 18 25 28 32 35 38 26 29 33 37 41 26 29 33 36 41 0 0 0 0 0 12 13 15 16 19 
0 0 0 0 0 20 23 26 28 31 15 17 19 20 22 20 22 25 28 30 18 20 23 25 28 9 10 12 14 15 13 15 17 18 22 
3 2289 3
12 14 16 18 20 24 27 31 34 37 18 20 23 25 28 14 16 18 20 22 8 9 10 12 12 0 0 0 0 0 15 17 19 20 24 
25 28 32 35 38 21 24 27 30 32 26 29 33 36 41 20 22 25 28 30 20 23 26 29 33 0 0 0 0 0 19 21 24 27 28 
18 20 23 26 29 18 20 23 25 29 13 15 17 18 22 15 17 19 20 24 20 22 25 27 31 0 0 0 0 0 12 13 15 16 18 
4 1542 3
13 15 17 18 20 20 23 26 28 31 10 11 13 15 16 0 0 0 0 0 12 14 16 18 19 26 29 33 37 39 12 14 16 18 21 
21 24 27 30 34 17 19 22 25 26 14 16 18 20 22 20 22 25 28 30 22 25 28 31 34 9 10 12 13 14 0 0 0 0 0 
12 13 15 16 18 22 25 28 30 33 0 0 0 0 0 23 26 29 32 36 14 16 18 19 21 27 30 34 38 40 13 15 17 19 22 
5 2664 5
11 12 14 16 16 11 12 14 15 17 0 0 0 0 0 22 25 28 31 35 21 24 27 30 34 24 27 31 35 37 10 11 13 15 15 
19 21 24 26 28 16 18 20 22 24 0 0 0 0 0 19 21 24 27 29 20 22 25 27 30 24 27 30 34 38 20 22 25 28 30 
17 19 22 24 26 8 9 11 12 15 20 23 26 29 32 14 16 18 19 21 15 17 19 20 22 0 0 0 0 0 19 21 24 27 28 
21 24 27 29 34 16 18 20 23 26 9 10 12 13 15 24 27 31 34 38 0 0 0 0 0 23 26 29 31 35 20 22 25 27 30 
18 20 23 25 28 19 21 24 27 28 0 0 0 0 0 17 19 22 24 28 26 29 33 36 40 11 12 14 16 17 23 26 29 31 35 
6 2002 6
19 21 24 27 28 21 24 27 30 34 10 11 13 14 16 0 0 0 0 0 16 18 20 23 26 20 23 26 29 33 20 23 26 28 31 
8 9 10 12 13 8 9 11 13 15 14 16 18 20 23 0 0 0 0 0 13 15 17 18 20 14 16 18 19 23 12 13 15 17 18 
15 17 19 21 22 9 10 12 13 15 24 27 30 34 36 0 0 0 0 0 20 22 25 28 30 17 19 22 24 26 12 14 16 17 20 
12 14 16 18 21 20 23 26 28 32 22 25 28 31 35 10 11 13 15 17 22 25 28 30 33 22 25 28 31 34 0 0 0 0 0 
16 18 20 23 25 24 27 31 35 37 19 21 24 27 28 0 0 0 0 0 24 27 31 35 38 22 25 28 31 35 22 25 28 31 35 
0 0 0 0 0 24 27 30 33 38 11 12 14 15 16 12 14 16 17 20 25 28 32 35 40 20 23 26 28 32 20 23 26 29 33 
7 2782 5
9 10 12 14 15 12 14 16 17 19 0 0 0 0 0 17 19 22 25 28 26 29 33 36 39 20 23 26 28 32 17 19 22 25 28 
9 10 12 13 15 23 26 29 31 34 16 18 21 23 27 14 16 18 19 23 18 20 23 26 28 17 19 22 25 26 0 0 0 0 0 
12 14 16 18 19 17 19 22 24 27 26 29 33 36 41 0 0 0 0 0 19 21 24 26 29 24 27 30 33 38 22 25 28 30 35 
11 12 14 16 17 9 10 12 13 14 16 18 20 22 25 20 22 25 28 32 8 9 11 13 13 18 20 23 26 28 0 0 0 0 0 
20 23 26 29 33 16 18 20 22 26 0 0 0 0 0 22 25 28 30 33 16 18 21 24 25 8 9 10 12 12 20 22 25 27 31 
8 1890 5
12 14 16 17 21 0 0 0 0 0 23 26 29 31 36 17 19 22 24 27 11 12 14 15 18 20 23 26 29 33 15 17 19 20 24 
0 0 0 0 0 19 21 24 26 30 16 18 21 24 27 25 28 32 36 38 20 23 26 29 32 8 9 11 13 13 8 9 10 11 12 
12 14 16 17 20 18 20 23 26 29 20 23 26 28 33 20 22 25 28 30 24 27 31 35 38 0 0 0 0 0 21 24 27 29 32 
22 25 28 30 34 16 18 21 23 26 22 25 28 30 35 19 21 24 26 29 21 24 27 30 33 22 25 28 31 33 0 0 0 0 0 
0 0 0 0 0 22 25 28 31 34 19 21 24 27 29 10 11 13 15 16 23 26 29 31 34 9 10 12 14 16 9 10 12 14 15 
9 2372 4
21 24 27 29 32 13 15 17 18 21 23 26 29 31 36 8 9 10 12 14 0 0 0 0 0 22 25 28 31 34 12 14 16 17 21 
20 23 26 28 32 9 10 12 14 15 20 23 26 29 31 0 0 0 0 0 26 29 33 37 41 20 22 25 28 32 16 18 21 24 27 
15 17 19 21 22 11 12 14 16 18 8 9 11 13 13 21 24 27 29 33 0 0 0 0 0 9 10 12 13 15 16 18 20 22 24 
12 14 16 17 19 19 21 24 27 28 14 16 18 20 22 9 10 12 14 15 20 22 25 27 30 0 0 0 0 0 21 24 27 29 34 
10 1758 5
24 27 30 33 37 8 9 11 12 14 22 25 28 30 33 20 22 25 28 32 0 0 0 0 0 8 9 10 12 14 20 22 25 27 30 
27 30 34 37 41 18 20 23 25 28 11 12 14 15 17 12 14 16 17 20 8 9 10 12 13 0 0 0 0 0 20 23 26 29 31 
19 21 24 26 30 0 0 0 0 0 14 16 18 20 23 12 14 16 18 19 12 14 16 18 20 19 21 24 26 30 16 18 20 22 24 
20 23 26 29 33 0 0 0 0 0 26 29 33 36 39 16 18 21 23 27 18 20 23 26 29 10 11 13 14 15 12 14 16 18 19 
20 22 25 28 30 14 16 18 19 22 12 13 15 17 20 16 18 21 23 25 14 16 18 19 21 0 0 0 0 0 25 28 32 36 38 
11 2079 6
9 10 12 14 14 23 26 29 31 34 12 14 16 17 21 8 9 11 13 13 0 0 0 0 0 19 21 24 27 28 25 28 32 35 39 
12 14 16 17 21 21 24 27 30 34 8 9 10 12 13 20 22 25 28 30 23 26 29 32 35 16 18 20 23 25 0 0 0 0 0 
24 27 30 34 37 12 13 15 16 18 19 21 24 27 29 8 9 10 12 14 17 19 22 24 28 10 11 13 14 16 0 0 0 0 0 
8 9 11 13 15 0 0 0 0 0 23 26 29 32 36 17 19 22 24 28 25 28 32 35 40 23 26 29 32 34 20 23 26 29 31 
12 13 15 17 20 20 22 25 28 30 11 12 14 16 16 25 28 32 35 38 17 19 22 24 28 16 18 21 23 27 0 0 0 0 0 
24 27 30 34 38 0 0 0 0 0 20 22 25 28 31 15 17 19 20 23 25 28 32 36 40 11 12 14 15 16 26 29 33 36 39 
12 1716 4
23 26 29 32 36 18 20 23 25 28 8 9 10 11 13 8 9 11 13 15 24 27 31 35 39 0 0 0 0 0 11 12 14 16 18 
0 0 0 0 0 20 22 25 27 32 19 21 24 27 30 20 23 26 28 31 26 29 33 37 39 22 25 28 31 33 8 9 11 13 13 
27 30 34 37 42 0 0 0 0 0 8 9 11 13 15 24 27 30 34 37 12 13 15 17 20 16 18 20 22 25 8 9 10 11 12 
23 26 29 32 36 11 12 14 16 17 0 0 0 0 0 17 19 22 25 27 10 11 13 14 17 10 11 13 15 15 19 21 24 27 28 
13 1755 4
17 19 22 24 28 22 25 28 31 33 18 20 23 25 29 23 26 29 32 34 9 10 12 13 16 24 27 30 34 38 0 0 0 0 0 
10 11 13 14 15 23 26 29 32 35 18 20 23 26 29 19 21 24 27 29 19 21 24 27 29 23 26 29 31 36 0 0 0 0 0 
26 29 33 37 40 23 26 29 32 36 12 14 16 18 19 9 10 12 14 14 0 0 0 0 0 10 11 13 14 17 21 24 27 29 33 
25 28 32 36 40 16 18 21 24 27 21 24 27 29 34 24 27 31 35 37 0 0 0 0 0 27 30 34 37 41 11 12 14 15 16 
14 1825 4
15 17 19 21 22 13 15 17 19 20 11 12 14 15 17 0 0 0 0 0 24 27 31 35 39 20 23 26 29 32 17 19 22 25 26 
0 0 0 0 0 18 20 23 25 29 8 9 10 11 14 10 11 13 14 17 12 13 15 16 19 23 26 29 32 34 27 30 34 38 42 
24 27 31 35 37 24 27 30 33 38 23 26 29 31 36 20 23 26 29 31 0 0 0 0 0 11 12 14 16 18 10 11 13 15 17 
24 27 30 34 37 15 17 19 21 23 16 18 20 22 25 0 0 0 0 0 8 9 10 12 14 14 16 18 19 22 10 11 13 15 17 
15 1542 5
16 18 21 24 25 13 15 17 19 22 24 27 30 33 37 0 0 0 0 0 26 29 33 37 41 26 29 33 36 41 16 18 20 23 24 
22 25 28 30 35 27 30 34 37 40 12 14 16 17 20 0 0 0 0 0 23 26 29 32 35 21 24 27 30 34 23 26 29 32 36 
0 0 0 0 0 20 23 26 29 33 8 9 11 13 14 17 19 22 24 28 25 28 32 35 38 24 27 31 34 39 13 15 17 18 21 
14 16 18 20 22 8 9 11 13 15 19 21 24 26 28 17 19 22 25 27 22 25 28 30 34 0 0 0 0 0 8 9 11 13 13 
18 20 23 26 27 27 30 34 38 41 16 18 20 23 24 0 0 0 0 0 21 24 27 29 32 24 27 31 35 39 12 13 15 17 19 
16 1374 4
15 17 19 21 22 10 11 13 14 15 20 22 25 28 31 13 15 17 18 21 16 18 20 22 25 0 0 0 0 0 26 29 33 37 40 
19 21 24 26 28 17 19 22 25 27 8 9 10 11 13 15 17 19 21 24 13 15 17 18 21 0 0 0 0 0 8 9 11 12 14 
11 12 14 15 16 0 0 0 0 0 19 21 24 27 30 20 22 25 28 31 12 14 16 17 20 14 16 18 20 23 12 14 16 17 21 
18 20 23 26 27 20 23 26 29 31 27 30 34 38 41 26 29 33 37 39 19 21 24 26 30 0 0 0 0 0 24 27 31 35 38 
17 2954 5
0 0 0 0 0 25 28 32 35 40 8 9 11 12 14 13 15 17 18 20 9 10 12 13 15 8 9 10 12 13 22 25 28 31 33 
17 19 22 24 26 0 0 0 0 0 24 27 31 34 38 11 12 14 16 17 17 19 22 25 28 23 26 29 32 35 17 19 22 25 28 
19 21 24 27 28 21 24 27 30 33 16 18 21 23 26 15 17 19 20 24 0 0 0 0 0 16 18 20 22 26 12 14 16 18 20 
19 21 24 27 29 26 29 33 37 40 27 30 34 38 40 8 9 10 12 13 13 15 17 18 22 12 13 15 17 19 0 0 0 0 0 
14 16 18 20 22 26 29 33 36 40 8 9 11 12 14 10 11 13 15 15 0 0 0 0 0 11 12 14 16 17 26 29 33 37 41 
18 2726 4
23 26 29 31 36 16 18 20 22 24 24 27 30 34 36 0 0 0 0 0 26 29 33 36 39 14 16 18 20 22 15 17 19 21 23 
17 19 22 25 28 25 28 32 36 38 0 0 0 0 0 8 9 11 12 15 14 16 18 20 22 25 28 32 35 40 22 25 28 30 35 
12 13 15 17 18 25 28 32 35 38 27 30 34 38 42 19 21 24 26 28 11 12 14 16 17 0 0 0 0 0 8 9 10 11 13 
16 18 21 23 26 19 21 24 26 29 18 20 23 25 29 24 27 30 34 36 16 18 20 23 26 9 10 12 13 15 0 0 0 0 0 
19 1185 5
15 17 19 21 23 27 30 34 38 42 9 10 12 13 16 14 16 18 19 21 0 0 0 0 0 12 13 15 17 19 14 16 18 20 22 
25 28 32 35 40 16 18 20 23 26 23 26 29 32 36 9 10 12 13 14 26 29 33 37 39 0 0 0 0 0 8 9 11 12 14 
23 26 29 32 36 8 9 10 12 13 0 0 0 0 0 12 14 16 17 20 15 17 19 21 22 16 18 21 24 27 20 22 25 27 30 
16 18 21 23 27 9 10 12 13 16 9 10 12 14 16 18 20 23 26 29 17 19 22 25 28 0 0 0 0 0 21 24 27 29 32 
0 0 0 0 0 10 11 13 14 15 24 27 31 35 39 25 28 32 35 39 24 27 30 33 38 27 30 34 38 42 19 21 24 27 29 
20 2924 6
16 18 21 23 25 8 9 10 11 12 24 27 31 35 38 23 26 29 31 35 0 0 0 0 0 20 23 26 28 33 20 22 25 28 31 
13 15 17 19 21 20 23 26 29 32 0 0 0 0 0 12 13 15 16 20 12 13 15 16 19 16 18 20 23 26 23 26 29 32 36 
12 13 15 16 19 19 21 24 26 28 17 19 22 24 26 24 27 30 34 37 22 25 28 30 34 23 26 29 32 36 0 0 0 0 0 
15 17 19 21 22 0 0 0 0 0 9 10 12 14 14 24 27 30 34 38 17 19 22 24 28 19 21 24 26 30 10 11 13 15 16 
18 20 23 26 28 22 25 28 31 33 19 21 24 26 28 23 26 29 31 34 0 0 0 0 0 14 16 18 20 22 14 16 18 19 21 
12 14 16 18 21 26 29 33 37 39 0 0 0 0 0 10 11 13 14 17 20 23 26 28 31 24 27 31 34 38 10 11 13 14 16 
21 1014 3
27 30 34 38 42 17 19 22 24 27 0 0 0 0 0 16 18 21 23 26 20 23 26 28 31 12 14 16 17 19 16 18 20 22 26 
25 28 32 35 38 25 28 32 36 38 19 21 24 27 29 16 18 20 22 24 25 28 32 35 40 15 17 19 21 23 0 0 0 0 0 
16 18 21 23 25 15 17 19 20 23 0 0 0 0 0 8 9 10 12 14 10 11 13 14 16 21 24 27 29 32 27 30 34 38 40 
22 1313 5
0 0 0 0 0 27 30 34 38 40 14 16 18 19 22 13 15 17 18 21 27 30 34 37 40 17 19 22 25 28 16 18 20 22 25 
0 0 0 0 0 25 28 32 35 38 14 16 18 19 23 27 30 34 37 42 8 9 11 13 15 23 26 29 31 36 8 9 10 12 12 
20 23 26 29 32 20 22 25 27 31 0 0 0 0 0 24 27 30 34 38 21 24 27 29 34 11 12 14 16 16 12 13 15 16 18 
22 25 28 31 33 13 15 17 19 20 18 20 23 26 29 24 27 31 34 39 22 25 28 31 33 0 0 0 0 0 21 24 27 29 32 
0 0 0 0 0 15 17 19 20 22 24 27 30 33 37 10 11 13 14 15 23 26 29 32 34 14 16 18 20 23 21 24 27 30 33 
23 1621 6
19 21 24 26 30 17 19 22 24 27 24 27 31 34 38 8 9 10 12 13 24 27 30 33 36 0 0 0 0 0 16 18 21 23 25 
24 27 30 34 36 13 15 17 18 21 15 17 19 20 22 0 0 0 0 0 15 17 19 20 23 20 23 26 29 33 24 27 31 35 39 
0 0 0 0 0 14 16 18 19 21 14 16 18 19 21 11 12 14 16 16 16 18 21 24 27 13 15 17 18 21 14 16 18 19 22 
20 22 25 27 32 0 0 0 0 0 8 9 11 12 15 22 25 28 31 35 25 28 32 35 40 20 22 25 28 32 13 15 17 18 20 
21 24 27 29 32 0 0 0 0 0 23 26 29 31 36 10 11 13 15 16 19 21 24 27 28 10 11 13 14 17 14 16 18 19 22 
14 16 18 19 23 16 18 21 24 26 0 0 0 0 0 26 29 33 36 40 24 27 31 35 37 16 18 20 22 25 24 27 31 34 37 
24 1985 3
11 12 14 15 16 16 18 20 22 25 23 26 29 32 34 17 19 22 24 27 23 26 29 32 34 0 0 0 0 0 12 14 16 18 20 
16 18 21 23 26 24 27 31 34 39 21 24 27 29 32 13 15 17 19 20 21 24 27 30 32 0 0 0 0 0 12 13 15 16 20 
8 9 10 11 13 8 9 11 12 14 16 18 20 22 26 20 22 25 28 30 11 12 14 15 17 13 15 17 18 21 0 0 0 0 0 
25 1995 5
12 14 16 18 20 27 30 34 37 40 12 14 16 18 21 8 9 10 11 14 10 11 13 15 16 0 0 0 0 0 9 10 12 14 16 
19 21 24 26 30 12 13 15 17 18 12 13 15 16 19 25 28 32 35 40 8 9 11 13 13 0 0 0 0 0 25 28 32 35 38 
15 17 19 21 22 10 11 13 15 15 25 28 32 35 38 0 0 0 0 0 26 29 33 37 41 12 14 16 18 20 24 27 31 35 37 
0 0 0 0 0 17 19 22 25 26 24 27 31 35 38 14 16 18 20 21 18 20 23 25 27 9 10 12 14 15 14 16 18 19 21 
14 16 18 19 23 12 14 16 18 21 22 25 28 30 33 23 26 29 31 36 10 11 13 15 15 0 0 0 0 0 24 27 31 35 37 
26 1610 5
12 13 15 17 18 0 0 0 0 0 15 17 19 21 22 10 11 13 15 16 17 19 22 25 26 11 12 14 15 18 22 25 28 31 33 
24 27 31 34 39 27 30 34 37 42 9 10 12 13 16 20 23 26 29 32 20 22 25 28 32 0 0 0 0 0 22 25 28 30 33 
12 14 16 17 21 8 9 11 12 15 16 18 21 23 26 17 19 22 24 27 25 28 32 36 40 0 0 0 0 0 24 27 31 34 37 
26 29 33 37 40 10 11 13 14 15 13 15 17 18 22 0 0 0 0 0 16 18 21 23 26 16 18 21 23 27 20 23 26 29 31 
12 13 15 16 20 8 9 10 11 14 16 18 20 23 25 12 13 15 17 20 0 0 0 0 0 20 22 25 27 32 14 16 18 19 21 
27 1015 6
13 15 17 19 21 0 0 0 0 0 16 18 20 23 24 19 21 24 27 30 26 29 33 36 39 17 19 22 24 27 15 17 19 21 22 
12 14 16 18 21 0 0 0 0 0 17 19 22 24 27 20 23 26 28 32 13 15 17 19 21 23 26 29 32 36 16 18 20 23 24 
27 30 34 38 41 24 27 31 35 39 21 24 27 29 33 0 0 0 0 0 27 30 34 37 40 10 11 13 14 17 13 15 17 19 21 
20 23 26 28 32 24 27 30 34 37 19 21 24 26 28 14 16 18 20 23 18 20 23 26 28 0 0 0 0 0 18 20 23 25 29 
27 30 34 37 42 0 0 0 0 0 8 9 10 12 13 21 24 27 29 32 12 14 16 17 20 16 18 21 24 25 27 30 34 37 42 
18 20 23 25 29 0 0 0 0 0 20 22 25 27 31 9 10 12 13 15 17 19 22 24 26 20 22 25 28 31 24 27 30 33 37 
28 1631 6
25 28 32 35 38 24 27 30 34 38 18 20 23 25 27 0 0 0 0 0 12 14 16 18 20 12 14 16 18 21 12 13 15 16 20 
15 17 19 20 24 8 9 11 13 13 21 24 27 29 34 9 10 12 14 15 26 29 33 36 40 0 0 0 0 0 15 17 19 20 23 
21 24 27 29 32 26 29 33 37 39 15 17 19 20 24 26 29 33 36 41 0 0 0 0 0 17 19 22 24 28 22 25 28 30 33 
26 29 33 36 40 20 22 25 27 31 18 20 23 26 28 19 21 24 26 30 20 22 25 28 31 15 17 19 20 23 0 0 0 0 0 
15 17 19 21 22 11 12 14 15 18 25 28 32 36 38 19 21 24 27 28 22 25 28 31 34 0 0 0 0 0 26 29 33 37 40 
14 16 18 19 21 14 16 18 19 23 9 10 12 13 15 8 9 11 12 15 16 18 21 23 26 8 9 10 11 14 0 0 0 0 0 
29 1127 3
16 18 20 22 26 26 29 33 36 40 20 23 26 28 32 20 23 26 29 33 0 0 0 0 0 19 21 24 27 29 15 17 19 21 24 
25 28 32 36 40 24 27 30 34 37 22 25 28 31 33 0 0 0 0 0 21 24 27 29 33 16 18 20 23 25 9 10 12 14 16 
8 9 11 12 15 10 11 13 14 15 17 19 22 24 27 0 0 0 0 0 9 10 12 14 14 12 14 16 17 21 23 26 29 31 36 
30 2864 3
15 17 19 20 23 16 18 20 23 24 24 27 31 35 38 0 0 0 0 0 9 10 12 14 14 18 20 23 25 28 19 21 24 26 29 
12 14 16 18 21 24 27 31 34 38 20 22 25 28 30 0 0 0 0 0 20 23 26 29 32 16 18 20 22 25 18 20 23 25 28 
0 0 0 0 0 16 18 20 22 24 23 26 29 32 36 9 10 12 13 16 12 14 16 18 21 16 18 20 23 26 10 11 13 14 15 
31 1841 6
16 18 20 23 26 12 13 15 17 18 26 29 33 36 39 8 9 11 13 15 19 21 24 26 29 11 12 14 16 17 0 0 0 0 0 
0 0 0 0 0 25 28 32 35 39 12 13 15 16 19 9 10 12 13 14 19 21 24 26 29 10 11 13 14 16 13 15 17 18 20 
0 0 0 0 0 15 17 19 21 24 21 24 27 29 34 22 25 28 31 35 11 12 14 16 18 27 30 34 37 42 16 18 20 23 26 
27 30 34 38 42 8 9 11 12 13 24 27 31 35 38 14 16 18 20 23 11 12 14 16 17 0 0 0 0 0 14 16 18 19 21 
16 18 21 24 27 20 23 26 29 31 12 13 15 16 18 27 30 34 37 41 8 9 10 11 14 0 0 0 0 0 22 25 28 30 35 
12 13 15 16 20 22 25 28 31 34 8 9 10 12 13 0 0 0 0 0 11 12 14 16 16 16 18 20 23 26 21 24 27 30 33 
32 2951 6
20 22 25 28 32 19 21 24 27 29 0 0 0 0 0 16 18 20 23 24 14 16 18 20 22 11 12 14 15 17 26 29 33 37 40 
12 13 15 17 19 13 15 17 19 20 10 11 13 15 15 12 13 15 16 19 24 27 31 34 38 26 29 33 36 41 0 0 0 0 0 
12 13 15 16 18 22 25 28 30 33 25 28 32 36 38 0 0 0 0 0 17 19 22 24 27 20 22 25 27 30 18 20 23 26 28 
14 16 18 20 22 8 9 11 12 15 27 30 34 38 40 8 9 11 12 13 27 30 34 38 40 0 0 0 0 0 26 29 33 36 41 
0 0 0 0 0 25 28 32 35 38 22 25 28 30 33 25 28 32 35 40 8 9 10 11 14 27 30 34 37 40 8 9 10 11 13 
12 13 15 16 20 13 15 17 19 21 0 0 0 0 0 24 27 31 35 38 24 27 30 34 37 13 15 17 19 20 13 15 17 19 21 
33 1549 6
12 13 15 17 18 0 0 0 0 0 14 16 18 19 23 8 9 10 12 14 15 17 19 20 23 10 11 13 14 17 8 9 10 12 13 
8 9 11 13 14 15 17 19 21 22 24 27 31 35 38 20 23 26 28 33 12 13 15 17 18 0 0 0 0 0 16 18 21 24 27 
11 12 14 16 16 25 28 32 36 38 8 9 10 11 14 0 0 0 0 0 17 19 22 25 28 11 12 14 16 17 11 12 14 15 17 
26 29 33 36 41 12 13 15 16 18 8 9 11 12 13 0 0 0 0 0 27 30 34 38 42 10 11 13 15 15 14 16 18 20 23 
21 24 27 30 34 16 18 21 23 26 19 21 24 27 29 18 20 23 25 27 23 26 29 32 35 18 20 23 26 27 0 0 0 0 0 
0 0 0 0 0 11 12 14 15 17 10 11 13 15 16 26 29 33 36 40 24 27 30 34 38 10 11 13 14 15 12 14 16 18 19 
34 1436 4
11 12 14 16 16 10 11 13 14 16 20 23 26 29 32 16 18 20 23 26 24 27 30 34 36 0 0 0 0 0 13 15 17 18 21 
11 12 14 15 18 26 29 33 37 41 24 27 30 34 37 18 20 23 26 29 26 29 33 36 39 10 11 13 14 16 0 0 0 0 0 
19 21 24 27 30 0 0 0 0 0 16 18 21 24 25 23 26 29 32 36 15 17 19 20 24 8 9 11 13 13 16 18 20 22 26 
19 21 24 27 28 24 27 31 35 38 8 9 10 11 14 24 27 31 35 37 24 27 31 34 38 25 28 32 35 38 0 0 0 0 0 
35 2068 5
16 18 20 23 24 0 0 0 0 0 16 18 20 23 26 18 20 23 26 29 23 26 29 31 34 10 11 13 14 17 25 28 32 36 39 
20 23 26 28 32 19 21 24 26 28 11 12 14 15 16 25 28 32 35 38 0 0 0 0 0 14 16 18 19 22 26 29 33 37 41 
0 0 0 0 0 8 9 11 12 14 16 18 21 23 25 18 20 23 25 29 12 14 16 18 20 15 17 19 21 23 17 19 22 25 27 
24 27 30 33 38 8 9 11 13 13 10 11 13 15 16 20 23 26 29 32 18 20 23 26 29 0 0 0 0 0 16 18 21 24 26 
22 25 28 30 35 24 27 30 34 37 13 15 17 18 22 0 0 0 0 0 27 30 34 37 40 27 30 34 38 40 20 22 25 28 31 
36 2911 5
26 29 33 37 40 14 16 18 20 21 25 28 32 36 38 16 18 21 23 26 0 0 0 0 0 26 29 33 36 41 9 10 12 14 15 
12 14 16 17 19 16 18 20 22 26 0 0 0 0 0 20 22 25 28 30 10 11 13 15 15 16 18 21 24 25 13 15 17 19 21 
12 13 15 16 20 20 23 26 29 32 21 24 27 30 34 9 10 12 13 14 15 17 19 20 22 0 0 0 0 0 16 18 21 23 27 
8 9 11 12 15 23 26 29 31 34 10 11 13 14 17 12 14 16 18 19 17 19 22 25 28 0 0 0 0 0 13 15 17 18 20 
23 26 29 31 34 13 15 17 18 22 23 26 29 31 34 17 19 22 25 26 16 18 20 22 24 17 19 22 25 26 0 0 0 0 0 
37 1011 6
8 9 11 13 15 8 9 11 12 14 0 0 0 0 0 16 18 20 23 24 15 17 19 20 24 24 27 31 34 38 24 27 31 34 39 
25 28 32 35 40 12 14 16 17 20 20 23 26 29 31 12 13 15 17 20 0 0 0 0 0 21 24 27 29 33 24 27 31 34 38 
12 13 15 17 18 24 27 30 34 37 0 0 0 0 0 13 15 17 19 22 18 20 23 25 27 23 26 29 31 35 26 29 33 37 40 
26 29 33 37 39 15 17 19 21 22 14 16 18 19 23 9 10 12 14 16 0 0 0 0 0 24 27 30 33 36 15 17 19 21 24 
27 30 34 37 40 15 17 19 21 23 0 0 0 0 0 20 22 25 27 30 17 19 22 24 26 20 22 25 27 30 9 10 12 13 14 
21 24 27 30 34 27 30 34 37 40 0 0 0 0 0 27 30 34 37 42 18 20 23 26 29 10 11 13 14 15 13 15 17 18 21 
38 2627 6
15 17 19 21 22 19 21 24 26 30 19 21 24 26 28 0 0 0 0 0 24 27 31 35 37 11 12 14 15 17 27 30 34 38 40 
20 22 25 27 32 0 0 0 0 0 23 26 29 32 36 8 9 11 13 15 22 25 28 31 35 15 17 19 21 24 17 19 22 24 26 
12 13 15 16 18 26 29 33 37 40 0 0 0 0 0 19 21 24 27 30 13 15 17 18 20 16 18 21 24 26 17 19 22 24 27 
0 0 0 0 0 13 15 17 18 22 17 19 22 25 28 20 23 26 29 33 21 24 27 29 32 12 14 16 18 19 12 13 15 17 20 
17 19 22 25 26 12 13 15 17 20 24 27 31 34 38 8 9 11 12 13 10 11 13 14 16 0 0 0 0 0 8 9 11 12 15 
20 22 25 28 31 12 13 15 16 19 0 0 0 0 0 19 21 24 27 29 13 15 17 18 21 24 27 31 35 39 24 27 30 33 37 
39 2125 3
17 19 22 24 28 25 28 32 35 40 10 11 13 15 16 0 0 0 0 0 16 18 20 22 26 24 27 30 34 36 24 27 31 35 37 
0 0 0 0 0 22 25 28 31 35 22 25 28 31 33 20 22 25 27 31 9 10 12 13 14 14 16 18 19 22 16 18 21 24 26 
20 22 25 28 30 24 27 30 33 37 20 23 26 29 32 0 0 0 0 0 24 27 30 33 37 11 12 14 16 16 24 27 30 34 38 
40 1142 5
12 13 15 16 19 9 10 12 14 15 15 17 19 21 23 17 19 22 24 28 0 0 0 0 0 20 23 26 28 31 24 27 31 35 39 
24 27 31 34 37 13 15 17 19 21 22 25 28 31 35 20 23 26 29 33 20 22 25 28 31 25 28 32 35 40 0 0 0 0 0 
0 0 0 0 0 19 21 24 27 28 27 30 34 37 41 21 24 27 30 33 9 10 12 13 15 26 29 33 36 39 11 12 14 16 17 
26 29 33 36 41 16 18 21 24 25 19 21 24 26 29 18 20 23 25 27 0 0 0 0 0 14 16 18 19 23 19 21 24 26 29 
20 22 25 28 32 16 18 20 23 26 27 30 34 38 42 0 0 0 0 0 23 26 29 31 34 9 10 12 13 16 19 21 24 27 29 
41 2851 5
24 27 30 33 36 16 18 20 23 26 24 27 31 34 38 0 0 0 0 0 12 14 16 17 20 27 30 34 38 40 13 15 17 19 22 
13 15 17 18 22 0 0 0 0 0 24 27 31 35 39 23 26 29 31 34 8 9 10 11 12 17 19 22 25 28 15 17 19 21 22 
0 0 0 0 0 11 12 14 15 18 11 12 14 16 16 27 30 34 38 41 17 19 22 25 27 16 18 20 23 26 19 21 24 26 30 
26 29 33 36 40 11 12 14 15 16 8 9 11 13 15 8 9 11 13 15 22 25 28 31 34 0 0 0 0 0 12 13 15 16 20 
0 0 0 0 0 20 22 25 27 30 15 17 19 20 23 11 12 14 16 18 9 10 12 14 15 24 27 30 33 36 24 27 30 33 37 
42 1770 3
18 20 23 25 27 20 22 25 28 32 24 27 30 34 38 12 14 16 17 21 15 17 19 21 24 0 0 0 0 0 22 25 28 31 35 
0 0 0 0 0 8 9 10 11 14 27 30 34 37 41 25 28 32 35 39 22 25 28 31 34 20 22 25 27 32 23 26 29 31 34 
0 0 0 0 0 17 19 22 24 26 20 22 25 27 30 19 21 24 27 28 20 22 25 28 32 19 21 24 26 29 16 18 20 23 25 
43 2562 3
15 17 19 21 23 17 19 22 24 27 21 24 27 30 33 23 26 29 31 35 0 0 0 0 0 16 18 20 22 25 20 23 26 28 31 
18 20 23 26 27 0 0 0 0 0 18 20 23 25 27 8 9 10 11 12 16 18 20 23 24 20 23 26 29 32 15 17 19 20 24 
8 9 10 12 14 12 14 16 17 20 24 27 30 34 36 22 25 28 30 33 15 17 19 20 24 14 16 18 20 21 0 0 0 0 0 
44 1696 4
9 10 12 13 16 17 19 22 24 27 17 19 22 25 27 0 0 0 0 0 19 21 24 27 28 26 29 33 36 40 11 12 14 16 17 
20 23 26 28 32 12 13 15 17 20 19 21 24 27 30 0 0 0 0 0 12 14 16 17 19 21 24 27 29 34 12 14 16 18 20 
13 15 17 18 22 21 24 27 30 34 10 11 13 14 17 24 27 30 34 37 12 13 15 17 20 0 0 0 0 0 26 29 33 37 41 
0 0 0 0 0 14 16 18 20 23 11 12 14 15 16 13 15 17 18 20 8 9 10 12 13 24 27 30 33 38 16 18 20 23 24 
45 1227 3
14 16 18 19 22 24 27 30 33 38 12 14 16 17 21 17 19 22 25 28 16 18 20 22 26 0 0 0 0 0 20 23 26 29 33 
25 28 32 36 39 27 30 34 38 41 0 0 0 0 0 16 18 20 22 24 14 16 18 20 21 8 9 10 11 14 11 12 14 15 17 
0 0 0 0 0 8 9 10 12 12 24 27 31 34 39 12 13 15 16 18 20 22 25 28 32 23 26 29 31 36 25 28 32 35 38 
46 1009 3
25 28 32 35 38 20 23 26 28 33 10 11 13 15 17 16 18 21 24 25 22 25 28 30 35 0 0 0 0 0 10 11 13 14 16 
14 16 18 19 23 12 14 16 17 20 23 26 29 31 34 26 29 33 36 41 0 0 0 0 0 11 12 14 16 17 15 17 19 20 24 
11 12 14 15 17 25 28 32 35 39 17 19 22 24 26 16 18 21 23 26 18 20 23 25 28 14 16 18 19 21 0 0 0 0 0 
47 1647 4
16 18 20 22 25 22 25 28 30 33 16 18 21 23 27 20 23 26 29 33 0 0 0 0 0 18 20 23 25 27 15 17 19 21 24 
8 9 11 12 13 15 17 19 21 22 20 22 25 27 32 0 0 0 0 0 26 29 33 36 41 15 17 19 21 23 17 19 22 25 26 
11 12 14 16 16 21 24 27 30 34 24 27 31 34 38 15 17 19 20 24 0 0 0 0 0 10 11 13 14 16 22 25 28 30 34 
21 24 27 29 32 20 23 26 29 31 9 10 12 13 16 20 23 26 29 32 25 28 32 35 39 0 0 0 0 0 24 27 30 34 36 
48 1763 6
11 12 14 15 18 0 0 0 0 0 27 30 34 37 41 12 13 15 17 18 9 10 12 13 15 9 10 12 14 15 16 18 21 24 27 
0 0 0 0 0 16 18 20 23 24 24 27 31 35 37 16 18 20 22 26 20 22 25 27 31 12 13 15 16 19 20 22 25 28 32 
0 0 0 0 0 23 26 29 32 36 12 14 16 18 20 17 19 22 24 26 8 9 11 12 15 26 29 33 36 40 20 23 26 28 33 
0 0 0 0 0 26 29 33 36 39 11 12 14 16 18 12 13 15 16 18 24 27 30 33 37 15 17 19 21 24 15 17 19 21 24 
12 14 16 18 21 0 0 0 0 0 16 18 20 22 24 27 30 34 37 41 10 11 13 15 17 11 12 14 16 16 20 23 26 28 32 
19 21 24 27 29 16 18 21 24 27 20 23 26 28 31 26 29 33 36 41 12 14 16 17 20 12 13 15 17 18 0 0 0 0 0 
49 2536 6
20 22 25 28 31 12 14 16 17 21 20 22 25 27 31 23 26 29 31 36 9 10 12 13 14 0 0 0 0 0 8 9 10 12 13 
25 28 32 35 39 26 29 33 37 41 0 0 0 0 0 13 15 17 19 20 9 10 12 14 15 12 14 16 17 21 22 25 28 30 35 
0 0 0 0 0 27 30 34 38 42 25 28 32 35 39 22 25 28 31 33 22 25 28 30 33 16 18 21 24 25 13 15 17 19 21 
14 16 18 20 23 0 0 0 0 0 8 9 11 12 13 16 18 21 23 26 24 27 30 33 37 20 23 26 29 33 22 25 28 31 33 
10 11 13 14 16 8 9 11 13 14 0 0 0 0 0 17 19 22 24 28 8 9 11 13 14 21 24 27 30 33 26 29 33 36 40 
25 28 32 36 39 9 10 12 14 14 18 20 23 26 29 0 0 0 0 0 24 27 31 34 39 11 12 14 15 18 9 10 12 13 14 
0 1049 209 216 36 
1 1246 113 54 84 
2 1160 192 162 43 
3 1268 207 119 43 
4 1220 139 117 91 
5 1018 90 161 108 
6 1033 56 46 70 
17 50 8000 20000 0.52 0.78 30 5000 750 12500 0.43 0.49 900 10000 9746 5493 21 2.062
