80 6
0 2149 4
20 23 26 28 33 22 25 28 31 35 26 29 33 36 41 8 9 10 12 12 0 0 0 0 0 22 25 28 31 33 
11 12 14 16 16 15 17 19 21 24 0 0 0 0 0 9 10 12 13 14 22 25 28 30 33 26 29 33 36 40 
12 13 15 17 19 26 29 33 36 41 16 18 21 23 27 11 12 14 15 16 0 0 0 0 0 9 10 12 14 14 
14 16 18 19 22 25 28 32 36 38 0 0 0 0 0 11 12 14 16 18 24 27 31 34 39 14 16 18 19 22 
1 1379 4
26 29 33 37 41 0 0 0 0 0 18 20 23 26 29 15 17 19 20 22 26 29 33 36 39 16 18 20 23 25 
22 25 28 30 34 16 18 21 24 27 20 23 26 29 31 24 27 30 33 38 0 0 0 0 0 16 18 21 24 25 
8 9 10 11 12 23 26 29 32 34 16 18 21 23 25 15 17 19 21 22 0 0 0 0 0 16 18 21 24 27 
9 10 12 14 14 0 0 0 0 0 9 10 12 13 14 11 12 14 16 16 17 19 22 24 27 9 10 12 13 16 
2 1161 3
20 22 25 27 31 19 21 24 27 30 0 0 0 0 0 19 21 24 27 30 24 27 31 34 39 19 21 24 27 30 
18 20 23 25 29 0 0 0 0 0 22 25 28 30 33 20 22 25 28 31 27 30 34 37 42 27 30 34 37 42 
16 18 21 24 26 13 15 17 18 21 15 17 19 20 22 16 18 21 23 27 0 0 0 0 0 14 16 18 20 21 
3 2880 3
0 0 0 0 0 24 27 30 33 37 16 18 20 22 25 8 9 10 11 14 24 27 30 33 36 16 18 21 24 27 
15 17 19 20 23 16 18 20 23 26 0 0 0 0 0 18 20 23 25 28 15 17 19 21 23 16 18 21 23 27 
16 18 20 22 24 9 10 12 14 16 0 0 0 0 0 16 18 20 22 25 24 27 31 35 37 12 14 16 17 20 
4 2696 6
10 11 13 15 17 12 13 15 17 20 0 0 0 0 0 20 22 25 28 30 17 19 22 24 26 8 9 10 11 13 
0 0 0 0 0 20 23 26 29 31 21 24 27 29 33 14 16 18 20 23 25 28 32 36 38 19 21 24 26 28 
17 19 22 25 26 17 19 22 24 26 11 12 14 15 17 20 23 26 28 33 12 14 16 17 21 0 0 0 0 0 
12 14 16 18 19 0 0 0 0 0 24 27 30 33 36 20 23 26 28 31 11 12 14 15 17 21 24 27 29 32 
8 9 11 12 14 10 11 13 14 15 27 30 34 38 42 18 20 23 25 28 24 27 30 34 38 0 0 0 0 0 
20 22 25 28 30 10 11 13 15 17 0 0 0 0 0 24 27 30 34 38 15 17 19 21 23 26 29 33 36 40 
5 1906 4
8 9 11 13 14 21 24 27 30 32 8 9 11 12 15 20 23 26 28 32 19 21 24 26 29 0 0 0 0 0 
22 25 28 31 34 0 0 0 0 0 8 9 11 12 14 22 25 28 30 33 14 16 18 20 22 11 12 14 15 17 
10 11 13 14 17 22 25 28 30 34 16 18 21 23 26 21 24 27 30 32 0 0 0 0 0 12 13 15 17 20 
0 0 0 0 0 19 21 24 26 30 14 16 18 19 21 19 21 24 26 30 9 10 12 13 15 22 25 28 31 34 
6 2380 3
17 19 22 24 27 0 0 0 0 0 12 13 15 17 18 13 15 17 18 20 22 25 28 31 34 11 12 14 16 17 
27 30 34 37 40 14 16 18 20 21 0 0 0 0 0 16 18 21 24 27 14 16 18 19 23 22 25 28 30 33 
8 9 10 12 13 11 12 14 15 16 19 21 24 27 30 24 27 31 35 39 0 0 0 0 0 25 28 32 35 39 
7 2009 4
18 20 23 26 29 8 9 10 12 12 9 10 12 14 15 0 0 0 0 0 8 9 10 12 12 8 9 10 11 14 
19 21 24 26 30 14 16 18 19 21 18 20 23 25 29 0 0 0 0 0 21 24 27 30 32 19 21 24 26 28 
22 25 28 30 34 24 27 31 35 37 13 15 17 18 21 24 27 31 35 39 0 0 0 0 0 13 15 17 19 20 
24 27 30 33 37 21 24 27 29 33 0 0 0 0 0 11 12 14 16 18 20 23 26 29 33 18 20 23 25 27 
8 2663 4
16 18 21 24 27 14 16 18 19 23 24 27 31 35 38 23 26 29 31 36 12 14 16 18 19 0 0 0 0 0 
21 24 27 30 34 12 14 16 18 20 20 22 25 28 30 24 27 30 33 38 0 0 0 0 0 16 18 20 22 26 
0 0 0 0 0 24 27 30 33 37 20 22 25 28 31 11 12 14 16 17 24 27 31 35 39 14 16 18 19 21 
18 20 23 25 27 24 27 30 33 38 0 0 0 0 0 12 14 16 18 20 26 29 33 37 41 15 17 19 20 24 
9 1852 5
10 11 13 15 16 11 12 14 16 16 16 18 20 22 24 9 10 12 13 15 0 0 0 0 0 9 10 12 13 14 
8 9 11 12 13 9 10 12 14 14 0 0 0 0 0 15 17 19 21 22 24 27 30 34 37 16 18 21 24 25 
25 28 32 36 39 16 18 20 22 25 14 16 18 20 22 11 12 14 15 17 0 0 0 0 0 8 9 11 13 14 
18 20 23 25 28 0 0 0 0 0 25 28 32 35 40 17 19 22 25 26 17 19 22 24 27 19 21 24 26 28 
12 14 16 18 19 14 16 18 20 23 9 10 12 14 15 0 0 0 0 0 26 29 33 37 39 12 13 15 16 18 
10 2245 5
27 30 34 37 40 12 14 16 18 20 27 30 34 38 41 0 0 0 0 0 25 28 32 35 40 24 27 31 34 38 
22 25 28 30 33 18 20 23 25 28 0 0 0 0 0 10 11 13 14 15 10 11 13 14 16 13 15 17 19 21 
13 15 17 18 20 14 16 18 20 23 0 0 0 0 0 12 13 15 17 19 13 15 17 19 20 20 23 26 29 33 
0 0 0 0 0 10 11 13 15 15 23 26 29 31 34 20 23 26 29 32 9 10 12 13 15 20 22 25 28 30 
27 30 34 38 42 0 0 0 0 0 15 17 19 20 22 16 18 20 23 24 24 27 30 34 38 27 30 34 37 42 
11 2456 6
12 13 15 16 19 22 25 28 31 35 11 12 14 16 16 16 18 20 22 24 15 17 19 21 24 0 0 0 0 0 
8 9 10 12 12 26 29 33 37 39 20 23 26 28 33 0 0 0 0 0 16 18 20 22 26 21 24 27 30 33 
12 13 15 17 19 24 27 31 34 37 22 25 28 31 35 0 0 0 0 0 12 14 16 18 21 25 28 32 36 38 
25 28 32 36 40 14 16 18 19 23 0 0 0 0 0 24 27 31 35 37 20 23 26 29 31 17 19 22 25 28 
26 29 33 36 39 0 0 0 0 0 11 12 14 15 16 23 26 29 32 36 22 25 28 31 34 9 10 12 13 16 
0 0 0 0 0 17 19 22 24 26 10 11 13 15 16 21 24 27 30 33 20 23 26 28 32 22 25 28 30 35 
12 1597 4
0 0 0 0 0 25 28 32 35 40 24 27 30 33 36 16 18 21 23 25 24 27 30 34 36 20 23 26 29 32 
12 13 15 17 20 20 22 25 28 30 24 27 30 34 36 22 25 28 30 35 0 0 0 0 0 25 28 32 35 38 
0 0 0 0 0 12 14 16 17 20 21 24 27 30 33 16 18 21 24 27 11 12 14 15 18 20 23 26 28 31 
0 0 0 0 0 24 27 30 34 36 17 19 22 25 26 19 21 24 26 28 21 24 27 30 32 24 27 31 34 37 
13 1358 3
0 0 0 0 0 20 22 25 28 30 24 27 31 35 37 21 24 27 30 32 9 10 12 13 15 18 20 23 26 27 
13 15 17 18 20 0 0 0 0 0 20 22 25 28 32 8 9 10 12 14 24 27 31 35 39 12 14 16 18 20 
0 0 0 0 0 24 27 31 34 37 21 24 27 30 33 24 27 30 34 37 15 17 19 21 24 8 9 11 13 14 
14 2823 3
26 29 33 36 41 24 27 30 34 36 18 20 23 25 29 8 9 11 12 13 15 17 19 21 23 0 0 0 0 0 
16 18 20 23 24 20 23 26 29 33 12 14 16 17 19 0 0 0 0 0 21 24 27 29 34 8 9 11 13 15 
14 16 18 20 22 24 27 30 34 38 0 0 0 0 0 17 19 22 25 26 16 18 21 23 26 20 23 26 29 31 
15 1308 6
12 13 15 16 20 0 0 0 0 0 27 30 34 37 42 14 16 18 20 23 11 12 14 16 17 20 22 25 27 30 
16 18 21 23 27 11 12 14 15 18 8 9 11 13 15 14 16 18 19 23 0 0 0 0 0 10 11 13 14 15 
12 13 15 17 18 0 0 0 0 0 22 25 28 31 35 16 18 21 24 26 12 13 15 17 18 12 13 15 16 19 
0 0 0 0 0 10 11 13 14 17 23 26 29 32 36 15 17 19 20 24 9 10 12 13 14 20 22 25 28 32 
9 10 12 14 15 11 12 14 16 17 0 0 0 0 0 24 27 30 33 36 20 23 26 29 31 10 11 13 14 15 
20 23 26 28 33 0 0 0 0 0 10 11 13 15 16 25 28 32 35 40 25 28 32 35 39 23 26 29 32 35 
16 2960 5
8 9 10 12 13 15 17 19 21 22 0 0 0 0 0 8 9 11 13 15 12 14 16 18 19 27 30 34 37 42 
16 18 20 23 26 8 9 11 12 15 19 21 24 27 30 20 23 26 29 31 0 0 0 0 0 11 12 14 16 16 
12 14 16 17 20 17 19 22 25 28 20 22 25 28 32 0 0 0 0 0 19 21 24 26 29 15 17 19 21 22 
23 26 29 31 35 26 29 33 36 39 8 9 10 11 12 24 27 30 34 37 0 0 0 0 0 8 9 10 11 13 
15 17 19 20 24 11 12 14 15 16 8 9 11 12 15 0 0 0 0 0 24 27 31 34 39 23 26 29 32 35 
17 2889 3
20 23 26 29 33 20 22 25 27 32 12 14 16 17 20 18 20 23 26 27 14 16 18 19 23 0 0 0 0 0 
20 23 26 29 31 8 9 10 11 12 12 13 15 16 20 0 0 0 0 0 21 24 27 30 33 9 10 12 13 14 
8 9 11 13 15 0 0 0 0 0 16 18 21 24 25 17 19 22 25 28 27 30 34 38 40 15 17 19 20 22 
18 1049 6
0 0 0 0 0 18 20 23 26 29 13 15 17 18 20 16 18 20 23 26 13 15 17 18 21 15 17 19 21 24 
0 0 0 0 0 20 22 25 27 30 9 10 12 14 15 23 26 29 31 34 24 27 31 34 37 9 10 12 14 15 
0 0 0 0 0 26 29 33 37 41 10 11 13 14 15 18 20 23 25 27 11 12 14 16 18 19 21 24 26 29 
10 11 13 14 15 22 25 28 31 35 20 23 26 29 32 20 23 26 29 32 0 0 0 0 0 8 9 10 12 12 
8 9 11 13 14 24 27 31 34 39 18 20 23 25 27 14 16 18 20 22 0 0 0 0 0 10 11 13 15 17 
22 25 28 31 34 8 9 10 11 12 8 9 10 11 13 25 28 32 35 38 0 0 0 0 0 10 11 13 14 17 
19 1980 6
8 9 10 11 13 27 30 34 38 41 10 11 13 14 17 0 0 0 0 0 23 26 29 32 34 22 25 28 31 33 
8 9 11 13 13 8 9 10 11 13 27 30 34 37 40 0 0 0 0 0 9 10 12 13 14 11 12 14 15 16 
0 0 0 0 0 27 30 34 37 40 17 19 22 24 28 23 26 29 32 35 27 30 34 38 41 8 9 10 12 14 
24 27 31 34 39 11 12 14 16 17 0 0 0 0 0 18 20 23 25 28 23 26 29 31 36 19 21 24 26 28 
0 0 0 0 0 20 23 26 28 32 19 21 24 27 29 13 15 17 19 22 8 9 11 12 13 24 27 30 34 36 
10 11 13 15 15 10 11 13 14 17 22 25 28 31 33 10 11 13 14 16 0 0 0 0 0 24 27 30 33 36 
20 1582 3
21 24 27 30 32 11 12 14 15 18 23 26 29 31 36 0 0 0 0 0 14 16 18 20 22 21 24 27 29 34 
12 14 16 18 19 21 24 27 29 32 22 25 28 30 33 0 0 0 0 0 23 26 29 31 34 20 23 26 28 33 
23 26 29 31 34 0 0 0 0 0 13 15 17 19 20 17 19 22 25 27 20 22 25 28 32 9 10 12 13 14 
21 1164 5
18 20 23 26 28 27 30 34 37 40 12 14 16 18 20 23 26 29 31 34 8 9 10 12 12 0 0 0 0 0 
16 18 20 22 26 0 0 0 0 0 20 22 25 28 30 17 19 22 25 28 24 27 31 34 39 12 14 16 17 20 
0 0 0 0 0 25 28 32 35 39 13 15 17 19 20 27 30 34 38 40 20 22 25 28 32 24 27 31 34 38 
8 9 10 11 14 18 20 23 25 27 8 9 10 12 13 0 0 0 0 0 20 23 26 29 31 8 9 11 13 13 
20 22 25 27 30 23 26 29 32 35 9 10 12 13 15 27 30 34 37 40 26 29 33 37 39 0 0 0 0 0 
22 1899 6
17 19 22 25 27 20 23 26 28 32 0 0 0 0 0 14 16 18 20 22 21 24 27 29 32 14 16 18 19 23 
14 16 18 20 22 23 26 29 32 36 0 0 0 0 0 8 9 10 12 12 24 27 30 33 38 23 26 29 31 36 
8 9 10 12 13 24 27 31 34 37 19 21 24 26 30 23 26 29 31 34 14 16 18 20 21 0 0 0 0 0 
11 12 14 16 18 16 18 21 24 26 20 23 26 29 31 13 15 17 18 22 0 0 0 0 0 21 24 27 30 32 
9 10 12 14 16 21 24 27 29 33 22 25 28 30 33 23 26 29 32 35 0 0 0 0 0 23 26 29 32 36 
14 16 18 20 21 25 28 32 35 40 20 23 26 28 33 27 30 34 37 41 0 0 0 0 0 16 18 20 23 26 
23 1074 6
0 0 0 0 0 16 18 20 23 26 14 16 18 19 23 20 22 25 27 32 16 18 21 24 25 27 30 34 37 40 
26 29 33 37 40 0 0 0 0 0 8 9 11 12 15 8 9 11 13 14 17 19 22 25 28 26 29 33 36 41 
12 14 16 18 21 0 0 0 0 0 24 27 30 34 36 17 19 22 24 28 17 19 22 24 26 16 18 20 23 26 
18 20 23 25 27 16 18 21 24 25 27 30 34 37 41 22 25 28 30 35 0 0 0 0 0 20 22 25 28 32 
23 26 29 31 34 12 13 15 16 19 21 24 27 30 34 0 0 0 0 0 20 22 25 27 32 15 17 19 21 22 
20 22 25 28 30 12 14 16 17 19 12 13 15 16 20 0 0 0 0 0 9 10 12 14 15 8 9 11 12 15 
24 2527 3
0 0 0 0 0 10 11 13 14 16 12 13 15 16 19 14 16 18 19 22 22 25 28 30 34 25 28 32 36 40 
24 27 31 35 38 9 10 12 14 14 0 0 0 0 0 8 9 10 11 14 20 23 26 29 32 23 26 29 31 34 
8 9 10 12 12 10 11 13 14 16 23 26 29 32 36 20 22 25 28 30 20 23 26 29 32 0 0 0 0 0 
25 1787 6
18 20 23 25 27 9 10 12 13 16 8 9 10 11 13 18 20 23 25 29 24 27 31 34 39 0 0 0 0 0 
15 17 19 20 24 0 0 0 0 0 24 27 31 35 38 21 24 27 30 33 10 11 13 15 16 25 28 32 35 40 
26 29 33 36 40 17 19 22 25 28 10 11 13 15 17 0 0 0 0 0 20 22 25 28 32 8 9 10 11 14 
9 10 12 14 16 0 0 0 0 0 22 25 28 30 34 9 10 12 14 14 26 29 33 37 39 12 13 15 17 18 
21 24 27 29 33 18 20 23 25 29 8 9 10 11 14 16 18 21 24 26 0 0 0 0 0 27 30 34 37 42 
11 12 14 16 18 17 19 22 25 28 22 25 28 30 33 8 9 10 12 14 0 0 0 0 0 8 9 10 11 13 
26 2889 5
18 20 23 26 28 0 0 0 0 0 15 17 19 21 24 14 16 18 19 21 24 27 30 33 36 8 9 10 11 14 
16 18 21 23 27 17 19 22 24 28 16 18 21 23 27 24 27 31 34 39 0 0 0 0 0 26 29 33 37 39 
27 30 34 38 40 12 13 15 16 19 16 18 20 22 26 0 0 0 0 0 15 17 19 21 23 8 9 11 12 15 
11 12 14 15 17 14 16 18 19 23 24 27 31 34 37 20 22 25 27 30 19 21 24 26 29 0 0 0 0 0 
15 17 19 21 22 21 24 27 30 33 15 17 19 21 24 8 9 11 12 15 8 9 10 11 14 0 0 0 0 0 
27 2387 5
17 19 22 24 26 20 23 26 28 32 10 11 13 15 17 21 24 27 29 32 0 0 0 0 0 19 21 24 26 29 
27 30 34 37 40 24 27 30 33 38 0 0 0 0 0 24 27 31 34 38 14 16 18 19 21 27 30 34 37 42 
8 9 10 11 14 11 12 14 16 18 0 0 0 0 0 16 18 21 23 26 27 30 34 37 42 12 13 15 16 19 
0 0 0 0 0 26 29 33 36 41 23 26 29 32 36 27 30 34 38 42 20 23 26 29 32 13 15 17 19 21 
20 23 26 29 33 16 18 20 22 24 15 17 19 20 22 24 27 30 34 38 8 9 11 12 14 0 0 0 0 0 
28 1383 4
12 13 15 17 20 27 30 34 37 42 15 17 19 21 24 17 19 22 25 26 13 15 17 18 21 0 0 0 0 0 
27 30 34 38 41 15 17 19 20 24 16 18 20 22 25 0 0 0 0 0 23 26 29 31 36 20 23 26 29 33 
14 16 18 19 21 11 12 14 16 17 21 24 27 30 33 0 0 0 0 0 25 28 32 35 38 26 29 33 36 39 
20 22 25 27 30 8 9 10 11 12 20 23 26 28 32 0 0 0 0 0 20 22 25 27 31 11 12 14 15 17 
29 2550 6
24 27 31 34 38 8 9 10 11 12 24 27 31 35 38 0 0 0 0 0 27 30 34 38 42 23 26 29 31 36 
13 15 17 18 21 24 27 30 33 38 19 21 24 27 29 23 26 29 31 35 0 0 0 0 0 10 11 13 15 15 
12 13 15 16 19 25 28 32 36 38 16 18 20 23 25 0 0 0 0 0 10 11 13 14 16 12 13 15 16 20 
20 23 26 28 32 12 14 16 17 21 0 0 0 0 0 27 30 34 38 42 24 27 31 34 39 25 28 32 35 40 
18 20 23 25 27 19 21 24 27 28 26 29 33 36 39 22 25 28 31 34 16 18 21 24 26 0 0 0 0 0 
14 16 18 20 22 0 0 0 0 0 13 15 17 19 20 18 20 23 25 29 10 11 13 15 15 16 18 21 23 26 
30 2504 3
16 18 21 24 25 23 26 29 32 35 24 27 30 33 37 8 9 11 12 13 0 0 0 0 0 16 18 21 23 27 
23 26 29 31 36 19 21 24 27 29 11 12 14 15 17 21 24 27 30 32 9 10 12 14 15 0 0 0 0 0 
20 22 25 28 32 23 26 29 31 35 25 28 32 35 40 24 27 30 33 36 12 13 15 16 20 0 0 0 0 0 
31 1356 5
24 27 30 34 38 0 0 0 0 0 12 14 16 17 19 27 30 34 37 41 27 30 34 38 40 24 27 31 35 38 
16 18 20 23 25 10 11 13 15 16 12 13 15 16 20 12 14 16 18 21 15 17 19 21 22 0 0 0 0 0 
17 19 22 24 26 13 15 17 19 22 0 0 0 0 0 11 12 14 16 17 8 9 10 11 13 18 20 23 26 28 
0 0 0 0 0 8 9 10 12 12 12 14 16 18 21 17 19 22 24 27 24 27 31 34 39 21 24 27 29 33 
8 9 11 13 14 0 0 0 0 0 24 27 31 35 38 11 12 14 16 16 26 29 33 36 39 15 17 19 21 22 
32 2207 3
19 21 24 27 30 26 29 33 37 39 11 12 14 15 16 23 26 29 32 34 0 0 0 0 0 12 13 15 17 20 
23 26 29 32 35 20 23 26 28 33 24 27 31 35 39 0 0 0 0 0 21 24 27 29 34 14 16 18 19 21 
22 25 28 30 33 0 0 0 0 0 23 26 29 32 36 9 10 12 14 15 25 28 32 35 40 25 28 32 36 40 
33 1942 6
0 0 0 0 0 24 27 30 33 37 9 10 12 14 16 9 10 12 14 14 9 10 12 14 15 14 16 18 20 22 
20 23 26 29 31 0 0 0 0 0 12 14 16 18 21 13 15 17 19 22 25 28 32 35 40 15 17 19 20 23 
8 9 11 13 15 9 10 12 14 16 27 30 34 38 42 13 15 17 19 22 21 24 27 30 33 0 0 0 0 0 
22 25 28 30 33 0 0 0 0 0 14 16 18 20 21 16 18 20 23 25 8 9 11 13 14 21 24 27 29 33 
0 0 0 0 0 19 21 24 26 28 23 26 29 32 36 9 10 12 13 16 10 11 13 14 17 8 9 11 12 13 
22 25 28 30 34 26 29 33 37 41 9 10 12 14 14 8 9 11 13 15 19 21 24 26 28 0 0 0 0 0 
34 1993 5
12 14 16 17 20 19 21 24 27 30 12 13 15 16 18 12 13 15 16 20 0 0 0 0 0 21 24 27 29 32 
8 9 10 11 12 0 0 0 0 0 25 28 32 36 40 16 18 20 23 24 9 10 12 14 15 10 11 13 14 17 
25 28 32 36 38 16 18 21 23 27 21 24 27 30 34 0 0 0 0 0 16 18 20 22 25 12 14 16 18 19 
25 28 32 36 38 24 27 30 33 37 8 9 10 12 13 0 0 0 0 0 11 12 14 15 16 22 25 28 30 34 
22 25 28 31 35 23 26 29 31 34 13 15 17 18 21 27 30 34 38 40 12 13 15 17 18 0 0 0 0 0 
35 2619 4
9 10 12 14 16 8 9 10 12 12 0 0 0 0 0 17 19 22 25 27 20 23 26 29 32 27 30 34 37 40 
22 25 28 31 35 17 19 22 24 26 22 25 28 30 34 17 19 22 25 27 21 24 27 29 32 0 0 0 0 0 
0 0 0 0 0 27 30 34 37 40 24 27 31 34 37 16 18 21 24 25 20 22 25 28 30 8 9 11 13 13 
19 21 24 27 30 0 0 0 0 0 27 30 34 38 42 23 26 29 32 36 8 9 11 12 14 12 13 15 16 20 
36 2710 6
24 27 30 33 36 0 0 0 0 0 22 25 28 30 35 12 13 15 17 18 13 15 17 19 20 12 13 15 17 19 
12 13 15 17 18 27 30 34 37 41 26 29 33 37 39 0 0 0 0 0 24 27 31 35 38 9 10 12 14 15 
0 0 0 0 0 12 14 16 17 19 17 19 22 25 28 8 9 10 11 14 8 9 10 11 13 25 28 32 36 39 
13 15 17 18 21 0 0 0 0 0 19 21 24 27 29 10 11 13 14 15 10 11 13 15 16 11 12 14 15 17 
16 18 21 23 27 20 23 26 28 31 16 18 20 23 26 0 0 0 0 0 21 24 27 30 34 18 20 23 26 27 
12 13 15 16 18 24 27 30 34 38 22 25 28 31 34 0 0 0 0 0 18 20 23 26 27 9 10 12 14 16 
37 2572 4
25 28 32 35 38 8 9 10 12 13 24 27 30 33 38 0 0 0 0 0 8 9 11 12 13 24 27 31 34 38 
26 29 33 37 41 25 28 32 36 38 17 19 22 24 26 10 11 13 14 17 0 0 0 0 0 22 25 28 30 34 
9 10 12 13 15 0 0 0 0 0 20 23 26 28 33 24 27 31 35 39 18 20 23 25 27 22 25 28 30 33 
24 27 31 35 37 15 17 19 21 22 27 30 34 37 42 16 18 20 22 24 0 0 0 0 0 16 18 21 24 25 
38 1885 4
16 18 21 24 27 16 18 21 23 27 0 0 0 0 0 25 28 32 35 38 16 18 21 24 25 24 27 30 34 38 
0 0 0 0 0 12 14 16 18 19 20 22 25 27 32 9 10 12 14 14 16 18 21 24 27 11 12 14 15 16 
17 19 22 25 26 27 30 34 38 42 12 14 16 18 19 19 21 24 27 29 27 30 34 38 41 0 0 0 0 0 
24 27 30 34 36 12 13 15 16 19 16 18 21 23 25 10 11 13 15 16 0 0 0 0 0 21 24 27 29 32 
39 1699 5
0 0 0 0 0 8 9 10 12 13 19 21 24 26 29 18 20 23 25 27 11 12 14 16 18 10 11 13 15 16 
22 25 28 30 34 27 30 34 37 40 13 15 17 19 21 0 0 0 0 0 12 14 16 17 21 12 13 15 16 20 
0 0 0 0 0 20 22 25 28 32 10 11 13 14 16 12 13 15 17 19 8 9 11 13 15 24 27 31 34 38 
12 13 15 16 19 17 19 22 25 26 0 0 0 0 0 27 30 34 38 40 12 14 16 18 19 24 27 31 34 39 
20 23 26 28 33 11 12 14 16 18 8 9 11 12 13 21 24 27 30 33 0 0 0 0 0 27 30 34 37 41 
40 1856 6
12 14 16 18 19 22 25 28 30 34 24 27 30 34 37 11 12 14 16 18 14 16 18 20 22 0 0 0 0 0 
0 0 0 0 0 27 30 34 37 40 24 27 30 33 37 12 14 16 18 21 15 17 19 20 23 27 30 34 38 42 
0 0 0 0 0 14 16 18 19 21 14 16 18 20 21 24 27 30 34 38 18 20 23 26 28 22 25 28 31 33 
13 15 17 18 20 11 12 14 15 16 11 12 14 15 18 19 21 24 27 29 14 16 18 19 21 0 0 0 0 0 
0 0 0 0 0 12 13 15 17 19 16 18 20 23 25 8 9 10 11 13 26 29 33 36 41 8 9 11 13 13 
9 10 12 13 16 11 12 14 16 16 24 27 31 35 39 9 10 12 14 15 12 13 15 17 18 0 0 0 0 0 
41 2218 3
14 16 18 20 21 24 27 31 35 37 11 12 14 16 16 24 27 31 34 38 0 0 0 0 0 8 9 10 11 14 
11 12 14 16 17 14 16 18 19 23 10 11 13 15 16 0 0 0 0 0 8 9 10 11 12 25 28 32 36 40 
27 30 34 37 42 25 28 32 35 38 10 11 13 15 17 0 0 0 0 0 22 25 28 30 33 17 19 22 25 27 
42 2281 4
0 0 0 0 0 25 28 32 35 39 22 25 28 31 35 26 29 33 36 39 13 15 17 18 20 20 22 25 28 32 
8 9 10 11 14 0 0 0 0 0 24 27 31 35 38 13 15 17 18 22 21 24 27 30 34 26 29 33 36 39 
24 27 31 35 37 0 0 0 0 0 20 22 25 28 32 8 9 10 12 13 21 24 27 30 32 27 30 34 37 40 
9 10 12 13 15 12 13 15 16 18 15 17 19 20 22 18 20 23 26 28 26 29 33 36 39 0 0 0 0 0 
43 2309 5
10 11 13 15 17 16 18 20 22 26 13 15 17 19 20 26 29 33 36 39 0 0 0 0 0 14 16 18 20 23 
20 23 26 28 31 15 17 19 20 24 16 18 21 24 25 0 0 0 0 0 20 22 25 28 31 9 10 12 13 16 
23 26 29 31 35 10 11 13 15 16 19 21 24 27 29 0 0 0 0 0 16 18 20 22 25 16 18 21 24 27 
9 10 12 13 16 12 14 16 17 21 0 0 0 0 0 21 24 27 29 34 21 24 27 29 32 12 14 16 18 21 
22 25 28 31 35 0 0 0 0 0 22 25 28 30 35 9 10 12 13 15 20 23 26 28 31 12 14 16 18 21 
44 1690 4
0 0 0 0 0 24 27 30 33 37 11 12 14 16 17 20 22 25 28 30 12 14 16 17 19 24 27 31 34 38 
9 10 12 14 16 16 18 21 23 25 26 29 33 36 39 0 0 0 0 0 27 30 34 37 41 24 27 31 34 39 
0 0 0 0 0 19 21 24 26 29 24 27 31 35 39 9 10 12 14 15 19 21 24 27 28 10 11 13 14 15 
18 20 23 26 28 27 30 34 37 41 0 0 0 0 0 16 18 21 24 27 8 9 10 12 14 27 30 34 37 40 
45 2453 6
27 30 34 37 41 20 23 26 29 33 0 0 0 0 0 20 22 25 28 32 16 18 20 23 25 10 11 13 15 15 
17 19 22 24 26 11 12 14 16 17 0 0 0 0 0 18 20 23 26 29 24 27 31 34 38 8 9 11 13 14 
19 21 24 26 28 0 0 0 0 0 18 20 23 26 27 24 27 30 34 37 20 23 26 28 33 21 24 27 30 34 
11 12 14 15 16 26 29 33 37 39 8 9 10 12 14 0 0 0 0 0 24 27 30 33 37 8 9 10 11 13 
14 16 18 20 21 8 9 11 13 13 22 25 28 31 35 0 0 0 0 0 24 27 30 33 38 12 13 15 16 18 
21 24 27 29 33 8 9 10 12 13 25 28 32 35 39 0 0 0 0 0 9 10 12 13 15 25 28 32 36 38 
46 2890 4
23 26 29 31 35 20 23 26 28 31 15 17 19 20 23 10 11 13 14 16 16 18 20 22 25 0 0 0 0 0 
18 20 23 25 28 12 13 15 16 20 12 13 15 16 20 16 18 21 23 25 0 0 0 0 0 19 21 24 27 29 
19 21 24 26 28 23 26 29 31 34 14 16 18 20 21 24 27 31 35 38 27 30 34 37 41 0 0 0 0 0 
0 0 0 0 0 10 11 13 15 16 23 26 29 32 36 11 12 14 15 16 10 11 13 14 16 21 24 27 29 34 
47 1782 3
0 0 0 0 0 11 12 14 15 18 8 9 10 12 13 8 9 11 13 13 27 30 34 38 42 23 26 29 32 35 
15 17 19 21 24 16 18 20 23 26 8 9 11 13 14 0 0 0 0 0 11 12 14 15 16 20 22 25 28 32 
0 0 0 0 0 12 13 15 17 19 24 27 31 34 38 20 22 25 27 30 20 22 25 28 30 15 17 19 20 24 
48 2202 6
18 20 23 25 29 24 27 31 35 38 26 29 33 36 40 0 0 0 0 0 9 10 12 13 15 12 13 15 17 19 
14 16 18 20 22 13 15 17 19 22 0 0 0 0 0 17 19 22 24 27 23 26 29 31 36 10 11 13 14 15 
19 21 24 26 28 12 13 15 16 18 24 27 31 35 39 12 13 15 17 18 0 0 0 0 0 8 9 11 12 13 
0 0 0 0 0 25 28 32 36 38 16 18 21 24 25 13 15 17 19 22 8 9 10 12 13 13 15 17 18 22 
21 24 27 29 33 9 10 12 13 15 9 10 12 13 14 0 0 0 0 0 23 26 29 31 34 20 22 25 27 30 
12 13 15 17 18 16 18 20 22 26 0 0 0 0 0 12 14 16 18 21 15 17 19 21 22 16 18 21 24 25 
49 1472 6
27 30 34 38 42 0 0 0 0 0 13 15 17 19 21 15 17 19 20 24 20 23 26 29 31 9 10 12 14 16 
27 30 34 37 40 0 0 0 0 0 8 9 10 11 13 26 29 33 37 41 8 9 10 11 13 12 13 15 17 20 
0 0 0 0 0 15 17 19 20 24 22 25 28 31 35 17 19 22 24 26 10 11 13 14 17 19 21 24 26 30 
15 17 19 21 24 8 9 11 12 13 0 0 0 0 0 11 12 14 15 16 25 28 32 36 38 13 15 17 18 20 
12 14 16 17 19 14 16 18 19 21 27 30 34 38 41 18 20 23 26 27 0 0 0 0 0 14 16 18 19 21 
17 19 22 24 27 0 0 0 0 0 24 27 31 35 39 10 11 13 15 15 10 11 13 15 16 12 14 16 17 19 
50 1284 5
16 18 20 22 25 16 18 20 22 25 16 18 21 24 26 17 19 22 24 27 16 18 21 23 26 0 0 0 0 0 
17 19 22 25 26 11 12 14 16 18 14 16 18 19 21 13 15 17 18 22 0 0 0 0 0 9 10 12 14 15 
26 29 33 37 39 25 28 32 36 40 20 22 25 27 32 25 28 32 36 40 0 0 0 0 0 22 25 28 31 35 
23 26 29 31 36 21 24 27 30 34 0 0 0 0 0 26 29 33 37 40 9 10 12 14 15 12 13 15 17 19 
19 21 24 26 28 24 27 30 34 37 19 21 24 27 29 20 23 26 29 32 8 9 11 12 14 0 0 0 0 0 
51 1059 6
14 16 18 19 21 17 19 22 24 27 11 12 14 16 18 24 27 31 35 37 0 0 0 0 0 14 16 18 20 23 
20 23 26 29 31 26 29 33 37 41 8 9 11 13 14 0 0 0 0 0 23 26 29 32 34 12 13 15 16 18 
14 16 18 20 23 20 23 26 29 33 27 30 34 38 41 0 0 0 0 0 21 24 27 29 33 19 21 24 26 30 
27 30 34 38 41 10 11 13 14 16 22 25 28 31 34 11 12 14 16 17 22 25 28 31 35 0 0 0 0 0 
27 30 34 37 40 10 11 13 14 15 22 25 28 30 33 16 18 21 24 26 25 28 32 35 40 0 0 0 0 0 
15 17 19 20 22 10 11 13 15 15 24 27 30 34 38 16 18 20 22 25 9 10 12 13 14 0 0 0 0 0 
52 1620 6
12 14 16 17 21 25 28 32 36 38 10 11 13 15 16 0 0 0 0 0 8 9 11 13 13 21 24 27 29 33 
23 26 29 32 35 20 22 25 27 31 0 0 0 0 0 15 17 19 21 24 20 22 25 27 32 16 18 20 23 25 
0 0 0 0 0 25 28 32 35 39 10 11 13 14 17 23 26 29 31 35 16 18 20 22 26 27 30 34 37 41 
20 23 26 29 33 0 0 0 0 0 18 20 23 25 29 16 18 21 24 25 24 27 31 35 37 19 21 24 26 30 
26 29 33 37 40 23 26 29 31 34 19 21 24 27 29 27 30 34 37 40 24 27 31 34 39 0 0 0 0 0 
9 10 12 14 16 0 0 0 0 0 8 9 10 12 12 27 30 34 37 40 23 26 29 32 36 26 29 33 36 39 
53 2744 6
25 28 32 36 40 0 0 0 0 0 20 22 25 27 30 10 11 13 15 17 8 9 10 11 12 10 11 13 15 16 
11 12 14 16 18 20 23 26 29 32 25 28 32 36 40 10 11 13 14 16 0 0 0 0 0 24 27 31 35 38 
8 9 10 11 14 0 0 0 0 0 21 24 27 29 34 20 23 26 28 33 15 17 19 21 22 16 18 21 24 25 
24 27 31 34 38 24 27 30 34 37 16 18 21 23 26 15 17 19 20 22 0 0 0 0 0 12 13 15 16 20 
24 27 30 34 37 27 30 34 38 41 22 25 28 30 35 0 0 0 0 0 27 30 34 37 41 18 20 23 25 29 
0 0 0 0 0 19 21 24 26 29 11 12 14 15 16 22 25 28 30 33 9 10 12 14 14 27 30 34 38 40 
54 2769 5
25 28 32 36 38 17 19 22 24 26 0 0 0 0 0 17 19 22 24 26 26 29 33 37 40 16 18 21 23 27 
27 30 34 38 41 24 27 30 33 37 19 21 24 26 29 13 15 17 19 20 0 0 0 0 0 26 29 33 36 41 
24 27 31 35 37 0 0 0 0 0 25 28 32 36 39 14 16 18 19 22 20 23 26 29 32 9 10 12 13 15 
21 24 27 29 32 19 21 24 26 29 0 0 0 0 0 24 27 31 35 38 26 29 33 36 39 22 25 28 31 34 
14 16 18 19 21 0 0 0 0 0 16 18 20 23 26 22 25 28 31 33 23 26 29 32 35 21 24 27 30 33 
55 1434 4
18 20 23 25 27 18 20 23 25 27 0 0 0 0 0 8 9 10 12 13 8 9 11 12 15 23 26 29 31 35 
14 16 18 19 23 0 0 0 0 0 19 21 24 26 30 24 27 30 34 38 12 14 16 18 21 12 13 15 16 18 
20 23 26 28 33 8 9 10 12 12 0 0 0 0 0 27 30 34 37 42 13 15 17 19 21 25 28 32 36 38 
8 9 11 13 15 25 28 32 35 40 16 18 21 23 26 20 23 26 29 33 0 0 0 0 0 15 17 19 21 22 
56 1560 5
8 9 10 12 12 8 9 10 12 13 12 13 15 16 19 22 25 28 31 33 13 15 17 18 22 0 0 0 0 0 
8 9 10 11 12 24 27 30 34 37 20 22 25 28 30 13 15 17 18 21 0 0 0 0 0 21 24 27 29 34 
9 10 12 13 14 21 24 27 30 32 0 0 0 0 0 8 9 11 12 14 20 22 25 27 30 20 22 25 28 30 
24 27 31 35 38 15 17 19 20 23 12 13 15 16 18 0 0 0 0 0 24 27 31 34 39 16 18 20 22 25 
9 10 12 13 15 8 9 11 12 13 19 21 24 26 29 8 9 10 12 13 0 0 0 0 0 8 9 10 11 13 
57 1362 3
0 0 0 0 0 17 19 22 24 26 19 21 24 26 29 13 15 17 18 20 25 28 32 35 38 12 14 16 17 20 
23 26 29 32 36 25 28 32 36 40 16 18 21 23 27 0 0 0 0 0 16 18 20 22 26 20 23 26 29 32 
15 17 19 20 24 0 0 0 0 0 12 13 15 17 19 21 24 27 30 33 10 11 13 15 16 19 21 24 27 28 
58 1283 6
26 29 33 36 39 0 0 0 0 0 19 21 24 27 29 14 16 18 20 22 20 23 26 28 32 23 26 29 32 35 
27 30 34 38 40 0 0 0 0 0 27 30 34 37 42 25 28 32 36 39 14 16 18 19 21 16 18 21 23 26 
18 20 23 25 28 13 15 17 19 20 0 0 0 0 0 12 13 15 16 18 13 15 17 19 22 9 10 12 13 14 
27 30 34 38 40 12 13 15 17 20 25 28 32 35 38 0 0 0 0 0 9 10 12 13 15 22 25 28 31 33 
26 29 33 36 40 0 0 0 0 0 12 13 15 16 20 20 22 25 27 31 16 18 20 22 24 13 15 17 19 22 
16 18 21 23 26 17 19 22 25 28 0 0 0 0 0 18 20 23 25 27 20 23 26 28 31 8 9 10 11 14 
59 2695 4
26 29 33 37 41 11 12 14 16 16 20 22 25 27 30 0 0 0 0 0 15 17 19 21 24 9 10 12 14 14 
0 0 0 0 0 9 10 12 14 15 24 27 30 33 37 12 14 16 17 20 12 14 16 17 19 21 24 27 29 32 
11 12 14 16 16 24 27 31 35 39 27 30 34 37 40 11 12 14 16 16 17 19 22 25 26 0 0 0 0 0 
20 22 25 27 32 27 30 34 38 42 17 19 22 25 26 0 0 0 0 0 23 26 29 31 35 24 27 31 34 37 
60 1101 3
22 25 28 31 33 0 0 0 0 0 25 28 32 36 40 16 18 20 23 25 8 9 11 13 15 16 18 21 24 27 
0 0 0 0 0 23 26 29 31 36 12 13 15 16 18 20 23 26 28 32 24 27 30 33 38 25 28 32 36 39 
16 18 20 23 24 12 13 15 17 20 9 10 12 13 15 0 0 0 0 0 26 29 33 36 40 21 24 27 30 32 
61 1800 4
0 0 0 0 0 9 10 12 13 14 16 18 21 24 26 25 28 32 36 38 22 25 28 30 33 13 15 17 18 22 
12 14 16 18 21 23 26 29 32 35 0 0 0 0 0 12 13 15 17 18 19 21 24 26 29 15 17 19 20 22 
16 18 21 24 27 0 0 0 0 0 8 9 11 12 13 26 29 33 36 39 27 30 34 37 41 17 19 22 25 28 
0 0 0 0 0 16 18 20 23 25 24 27 31 35 39 19 21 24 27 29 20 23 26 29 32 15 17 19 21 23 
62 1122 3
11 12 14 15 18 10 11 13 15 15 17 19 22 25 28 0 0 0 0 0 9 10 12 14 15 13 15 17 19 22 
15 17 19 20 24 0 0 0 0 0 18 20 23 25 28 19 21 24 27 28 11 12 14 15 17 14 16 18 20 22 
16 18 20 23 26 16 18 21 24 27 0 0 0 0 0 26 29 33 37 40 13 15 17 19 21 20 22 25 28 31 
63 2914 5
0 0 0 0 0 20 22 25 28 32 16 18 20 22 26 10 11 13 14 16 10 11 13 15 16 9 10 12 14 14 
0 0 0 0 0 9 10 12 13 15 12 13 15 16 20 16 18 21 23 26 18 20 23 25 28 24 27 30 34 36 
0 0 0 0 0 26 29 33 36 41 24 27 31 34 39 17 19 22 25 28 12 13 15 17 20 11 12 14 16 18 
26 29 33 36 41 0 0 0 0 0 8 9 10 12 14 19 21 24 27 29 24 27 31 35 39 23 26 29 31 35 
11 12 14 16 17 16 18 21 24 26 13 15 17 19 22 24 27 31 35 39 0 0 0 0 0 22 25 28 30 35 
64 1807 4
8 9 10 11 14 19 21 24 27 30 11 12 14 15 18 0 0 0 0 0 16 18 20 23 24 22 25 28 31 34 
18 20 23 25 27 22 25 28 31 35 9 10 12 13 15 25 28 32 36 39 0 0 0 0 0 21 24 27 30 32 
0 0 0 0 0 8 9 10 11 14 17 19 22 24 28 21 24 27 30 33 20 23 26 28 33 8 9 10 12 13 
25 28 32 35 38 21 24 27 29 34 21 24 27 30 33 11 12 14 15 18 8 9 11 12 14 0 0 0 0 0 
65 2023 6
20 22 25 27 31 24 27 31 34 39 0 0 0 0 0 14 16 18 19 23 15 17 19 20 22 21 24 27 30 33 
13 15 17 19 22 20 22 25 28 32 0 0 0 0 0 10 11 13 15 17 13 15 17 19 21 16 18 20 22 25 
0 0 0 0 0 24 27 30 33 38 23 26 29 31 36 24 27 30 34 36 13 15 17 18 22 13 15 17 19 20 
26 29 33 36 39 21 24 27 30 33 0 0 0 0 0 12 13 15 17 18 18 20 23 26 28 19 21 24 27 30 
25 28 32 36 40 13 15 17 18 20 19 21 24 26 28 0 0 0 0 0 18 20 23 25 28 22 25 28 31 34 
16 18 21 23 25 0 0 0 0 0 15 17 19 20 23 22 25 28 30 33 21 24 27 29 34 20 23 26 29 32 
66 2565 3
25 28 32 36 39 11 12 14 15 17 19 21 24 27 28 0 0 0 0 0 13 15 17 18 20 9 10 12 14 15 
21 24 27 30 33 19 21 24 27 30 12 14 16 17 20 9 10 12 14 15 0 0 0 0 0 27 30 34 37 41 
11 12 14 16 17 26 29 33 36 40 23 26 29 32 35 20 22 25 28 30 0 0 0 0 0 20 22 25 27 30 
67 2056 6
16 18 21 23 27 8 9 11 12 14 11 12 14 16 16 19 21 24 27 30 12 13 15 16 19 0 0 0 0 0 
11 12 14 16 18 8 9 10 12 13 19 21 24 26 29 19 21 24 27 29 0 0 0 0 0 27 30 34 38 40 
10 11 13 15 17 26 29 33 37 39 27 30 34 37 41 22 25 28 31 33 0 0 0 0 0 12 13 15 16 18 
27 30 34 37 42 24 27 30 33 37 11 12 14 16 18 10 11 13 15 17 15 17 19 21 24 0 0 0 0 0 
19 21 24 27 29 22 25 28 30 34 20 23 26 28 33 25 28 32 36 39 24 27 31 35 39 0 0 0 0 0 
8 9 10 11 14 18 20 23 26 28 25 28 32 35 38 0 0 0 0 0 24 27 30 34 36 24 27 31 35 38 
68 1621 3
21 24 27 30 33 11 12 14 16 18 22 25 28 30 34 0 0 0 0 0 20 23 26 29 33 20 23 26 28 33 
0 0 0 0 0 12 13 15 17 18 23 26 29 31 36 24 27 31 34 37 11 12 14 16 16 11 12 14 15 17 
22 25 28 31 35 26 29 33 36 40 16 18 21 23 26 10 11 13 15 17 8 9 10 12 13 0 0 0 0 0 
69 1797 3
0 0 0 0 0 14 16 18 19 21 17 19 22 24 27 25 28 32 35 38 26 29 33 36 39 8 9 11 12 14 
15 17 19 20 23 26 29 33 36 39 21 24 27 29 33 18 20 23 25 27 0 0 0 0 0 21 24 27 30 33 
8 9 10 11 13 23 26 29 32 34 23 26 29 31 34 15 17 19 21 23 14 16 18 19 23 0 0 0 0 0 
70 2407 3
26 29 33 37 39 0 0 0 0 0 16 18 20 23 26 8 9 10 12 12 10 11 13 14 15 8 9 11 13 13 
0 0 0 0 0 20 22 25 28 32 14 16 18 19 22 11 12 14 15 17 16 18 21 23 27 23 26 29 31 34 
15 17 19 21 23 20 22 25 28 30 0 0 0 0 0 18 20 23 26 29 12 13 15 16 20 20 23 26 28 32 
71 1035 5
27 30 34 38 40 16 18 21 23 25 8 9 10 12 14 20 23 26 28 33 11 12 14 15 16 0 0 0 0 0 
27 30 34 37 42 21 24 27 29 33 24 27 30 34 38 0 0 0 0 0 16 18 21 23 25 11 12 14 16 17 
10 11 13 14 16 8 9 10 12 13 20 23 26 28 31 13 15 17 19 22 0 0 0 0 0 27 30 34 37 41 
16 18 21 24 26 15 17 19 20 23 14 16 18 19 23 9 10 12 14 16 8 9 11 13 15 0 0 0 0 0 
8 9 10 12 14 13 15 17 19 21 8 9 11 13 15 24 27 31 35 39 22 25 28 31 33 0 0 0 0 0 
72 1460 6
12 13 15 17 20 20 23 26 28 32 23 26 29 32 34 8 9 10 12 13 12 14 16 17 20 0 0 0 0 0 
16 18 21 24 27 14 16 18 20 21 0 0 0 0 0 14 16 18 20 22 24 27 31 34 38 20 23 26 28 33 
8 9 10 12 13 23 26 29 31 35 0 0 0 0 0 14 16 18 20 23 27 30 34 37 40 11 12 14 15 17 
20 23 26 28 33 17 19 22 25 28 16 18 21 24 27 9 10 12 13 15 11 12 14 15 18 0 0 0 0 0 
11 12 14 16 16 9 10 12 14 14 16 18 20 22 24 0 0 0 0 0 19 21 24 27 29 19 21 24 26 28 
18 20 23 25 29 16 18 20 23 24 12 13 15 17 18 19 21 24 27 29 0 0 0 0 0 14 16 18 19 21 
73 1038 6
0 0 0 0 0 15 17 19 20 22 8 9 10 12 13 13 15 17 19 22 16 18 20 22 24 14 16 18 19 23 
8 9 10 11 14 20 23 26 29 31 24 27 31 35 37 26 29 33 36 41 0 0 0 0 0 12 14 16 17 20 
16 18 20 23 26 0 0 0 0 0 17 19 22 24 26 19 21 24 27 30 27 30 34 37 42 16 18 21 24 27 
16 18 20 22 24 14 16 18 20 21 24 27 30 33 36 0 0 0 0 0 19 21 24 27 29 18 20 23 26 29 
13 15 17 18 21 24 27 30 34 36 24 27 30 33 37 24 27 30 33 36 0 0 0 0 0 9 10 12 13 15 
13 15 17 19 22 20 22 25 28 31 10 11 13 15 16 20 22 25 27 30 0 0 0 0 0 26 29 33 36 40 
74 1558 5
25 28 32 35 38 16 18 20 22 25 27 30 34 37 42 15 17 19 21 22 0 0 0 0 0 9 10 12 14 14 
0 0 0 0 0 9 10 12 13 15 25 28 32 36 38 18 20 23 25 27 8 9 10 12 14 23 26 29 32 34 
0 0 0 0 0 20 22 25 28 31 13 15 17 18 20 20 22 25 27 32 8 9 11 13 14 8 9 10 12 12 
27 30 34 38 41 20 22 25 28 32 24 27 30 33 37 0 0 0 0 0 8 9 10 11 13 20 23 26 29 33 
17 19 22 25 27 26 29 33 37 41 11 12 14 16 17 11 12 14 16 18 0 0 0 0 0 27 30 34 37 42 
75 1977 5
12 14 16 17 21 0 0 0 0 0 8 9 10 11 12 20 22 25 28 30 8 9 11 12 15 8 9 11 12 14 
0 0 0 0 0 19 21 24 27 29 21 24 27 30 32 9 10 12 13 16 10 11 13 15 15 26 29 33 36 39 
27 30 34 38 41 17 19 22 25 27 0 0 0 0 0 16 18 20 23 25 8 9 11 13 15 8 9 10 12 14 
17 19 22 25 26 27 30 34 38 40 17 19 22 25 26 19 21 24 26 28 24 27 31 35 38 0 0 0 0 0 
17 19 22 25 26 27 30 34 37 41 11 12 14 15 17 20 23 26 29 33 0 0 0 0 0 15 17 19 21 22 
76 2945 4
24 27 30 34 38 8 9 11 12 13 23 26 29 32 35 17 19 22 25 28 0 0 0 0 0 16 18 21 24 27 
15 17 19 20 23 19 21 24 26 29 26 29 33 37 39 18 20 23 26 27 12 14 16 18 21 0 0 0 0 0 
27 30 34 38 42 23 26 29 32 36 8 9 10 11 13 0 0 0 0 0 24 27 30 33 36 18 20 23 26 29 
16 18 21 24 27 14 16 18 19 23 27 30 34 38 42 21 24 27 29 33 0 0 0 0 0 12 13 15 16 19 
77 1879 5
12 13 15 17 20 0 0 0 0 0 8 9 10 11 13 25 28 32 36 40 20 23 26 28 31 8 9 11 12 13 
0 0 0 0 0 23 26 29 32 36 12 13 15 17 19 9 10 12 14 16 23 26 29 32 34 10 11 13 15 17 
8 9 11 13 13 24 27 30 34 38 21 24 27 30 33 0 0 0 0 0 19 21 24 27 29 16 18 20 23 25 
24 27 31 34 37 12 14 16 18 21 11 12 14 15 18 18 20 23 25 27 0 0 0 0 0 16 18 20 23 26 
27 30 34 37 41 17 19 22 24 26 17 19 22 24 26 0 0 0 0 0 10 11 13 14 16 18 20 23 25 28 
78 2020 5
20 23 26 28 32 16 18 21 24 26 20 22 25 27 31 9 10 12 13 16 0 0 0 0 0 23 26 29 32 35 
0 0 0 0 0 8 9 11 12 14 20 23 26 28 33 24 27 31 35 37 14 16 18 19 21 13 15 17 19 20 
23 26 29 32 36 17 19 22 24 27 12 13 15 16 19 0 0 0 0 0 18 20 23 26 29 19 21 24 27 29 
20 23 26 29 32 26 29 33 36 39 24 27 30 34 37 21 24 27 29 34 0 0 0 0 0 10 11 13 14 15 
0 0 0 0 0 20 23 26 29 33 23 26 29 31 34 25 28 32 35 40 16 18 21 24 26 17 19 22 24 27 
79 1012 5
24 27 30 34 38 19 21 24 26 29 9 10 12 14 16 20 22 25 28 32 23 26 29 31 35 0 0 0 0 0 
10 11 13 14 16 10 11 13 15 17 0 0 0 0 0 25 28 32 35 38 19 21 24 27 29 15 17 19 21 24 
18 20 23 26 28 22 25 28 31 35 20 23 26 28 31 19 21 24 26 30 0 0 0 0 0 15 17 19 20 24 
23 26 29 31 36 18 20 23 25 27 8 9 10 11 12 26 29 33 36 40 0 0 0 0 0 8 9 10 11 14 
8 9 10 12 12 14 16 18 19 22 0 0 0 0 0 20 22 25 27 31 10 11 13 15 16 18 20 23 25 28 
0 1409 127 145 92 
1 1436 64 78 76 
2 1204 29 83 93 
3 1015 180 121 72 
4 1084 100 56 23 
5 1273 193 27 31 
17 50 8000 20000 0.52 0.78 30 5000 750 12500 0.43 0.49 900 10000 9746 5493 21 2.062
