30 7
0 1605 3
19 21 24 27 30 0 0 0 0 0 17 19 22 25 28 17 19 22 25 27 15 17 19 21 24 24 27 31 34 38 10 11 13 14 16 
20 23 26 28 32 0 0 0 0 0 19 21 24 27 28 18 20 23 25 27 10 11 13 15 15 22 25 28 30 35 20 22 25 28 31 
27 30 34 38 42 17 19 22 25 28 25 28 32 36 38 22 25 28 31 34 13 15 17 18 21 14 16 18 19 22 0 0 0 0 0 
1 1612 5
0 0 0 0 0 22 25 28 31 33 24 27 30 33 37 23 26 29 32 34 19 21 24 26 28 24 27 30 34 36 13 15 17 19 21 
25 28 32 36 38 26 29 33 37 41 24 27 31 35 37 25 28 32 36 39 23 26 29 32 34 0 0 0 0 0 13 15 17 19 20 
20 23 26 28 32 21 24 27 29 34 24 27 30 33 37 0 0 0 0 0 24 27 31 34 39 26 29 33 36 40 11 12 14 15 17 
0 0 0 0 0 19 21 24 26 28 9 10 12 13 14 13 15 17 18 20 24 27 31 35 38 9 10 12 14 15 23 26 29 32 36 
24 27 30 33 37 26 29 33 36 41 16 18 21 24 26 0 0 0 0 0 26 29 33 37 39 8 9 11 12 13 11 12 14 15 17 
2 1570 5
0 0 0 0 0 16 18 20 23 25 14 16 18 19 21 8 9 11 13 13 18 20 23 25 27 12 13 15 16 18 23 26 29 31 35 
20 22 25 27 32 0 0 0 0 0 20 23 26 29 32 14 16 18 20 21 9 10 12 14 15 11 12 14 15 18 20 23 26 29 31 
15 17 19 20 24 26 29 33 36 40 9 10 12 13 16 18 20 23 25 27 0 0 0 0 0 17 19 22 24 27 13 15 17 19 20 
12 14 16 18 20 0 0 0 0 0 17 19 22 25 27 16 18 21 23 26 21 24 27 29 34 22 25 28 30 34 12 14 16 17 21 
17 19 22 24 26 25 28 32 36 39 8 9 10 12 14 10 11 13 15 15 22 25 28 31 35 23 26 29 31 35 0 0 0 0 0 
3 1046 4
20 22 25 28 32 26 29 33 36 41 0 0 0 0 0 18 20 23 25 28 24 27 31 35 38 22 25 28 31 33 16 18 21 23 27 
17 19 22 25 28 14 16 18 19 22 8 9 11 13 13 14 16 18 20 22 23 26 29 31 36 0 0 0 0 0 16 18 21 23 25 
16 18 21 24 25 8 9 11 12 13 21 24 27 29 34 25 28 32 36 39 12 14 16 18 19 18 20 23 26 28 0 0 0 0 0 
20 22 25 27 32 15 17 19 21 24 16 18 20 22 26 12 14 16 17 21 11 12 14 15 16 0 0 0 0 0 17 19 22 25 26 
4 1298 4
17 19 22 25 27 24 27 30 34 38 0 0 0 0 0 13 15 17 18 21 16 18 20 22 24 16 18 21 23 26 11 12 14 16 17 
18 20 23 25 27 25 28 32 36 40 23 26 29 32 36 22 25 28 31 33 0 0 0 0 0 18 20 23 25 28 24 27 30 34 37 
0 0 0 0 0 20 22 25 28 31 9 10 12 14 16 26 29 33 36 39 24 27 30 34 38 24 27 31 34 37 8 9 11 13 13 
26 29 33 37 39 26 29 33 36 40 22 25 28 30 35 22 25 28 31 33 14 16 18 20 21 23 26 29 32 34 0 0 0 0 0 
5 1680 5
19 21 24 27 28 26 29 33 36 39 15 17 19 21 22 0 0 0 0 0 22 25 28 31 34 19 21 24 26 28 15 17 19 21 22 
8 9 11 12 15 18 20 23 25 27 27 30 34 38 40 22 25 28 31 33 21 24 27 30 34 0 0 0 0 0 16 18 21 24 25 
20 22 25 27 32 26 29 33 36 40 13 15 17 18 21 14 16 18 20 22 8 9 10 11 12 0 0 0 0 0 22 25 28 31 35 
13 15 17 18 21 24 27 30 33 38 16 18 20 23 25 12 14 16 18 19 0 0 0 0 0 13 15 17 19 22 23 26 29 31 36 
24 27 30 34 38 21 24 27 29 34 0 0 0 0 0 21 24 27 30 32 16 18 21 24 26 24 27 30 33 38 15 17 19 21 22 
6 2125 4
9 10 12 14 16 21 24 27 29 34 25 28 32 35 40 11 12 14 15 16 26 29 33 36 41 17 19 22 25 26 0 0 0 0 0 
16 18 20 22 26 26 29 33 36 40 8 9 10 11 12 10 11 13 15 15 11 12 14 16 18 12 13 15 17 18 0 0 0 0 0 
25 28 32 36 39 25 28 32 36 38 20 22 25 27 31 16 18 21 24 25 0 0 0 0 0 20 23 26 28 33 10 11 13 14 15 
12 13 15 16 19 12 13 15 16 19 20 23 26 28 32 16 18 20 22 24 10 11 13 15 15 0 0 0 0 0 10 11 13 14 17 
7 2709 5
14 16 18 19 21 16 18 20 22 24 12 13 15 17 19 19 21 24 27 30 0 0 0 0 0 12 14 16 17 19 20 23 26 28 31 
18 20 23 25 28 24 27 31 34 37 19 21 24 26 28 17 19 22 25 27 16 18 20 23 25 0 0 0 0 0 9 10 12 14 16 
26 29 33 37 39 12 14 16 18 19 21 24 27 30 32 13 15 17 19 21 24 27 30 33 37 24 27 31 34 39 0 0 0 0 0 
21 24 27 30 32 18 20 23 26 28 0 0 0 0 0 16 18 21 23 27 10 11 13 15 17 10 11 13 15 16 18 20 23 26 28 
23 26 29 31 35 13 15 17 19 22 23 26 29 31 35 15 17 19 20 24 0 0 0 0 0 18 20 23 26 27 14 16 18 20 23 
8 2654 4
27 30 34 37 40 11 12 14 15 16 16 18 20 22 25 21 24 27 30 34 25 28 32 36 39 17 19 22 24 28 0 0 0 0 0 
8 9 10 11 12 8 9 11 12 15 0 0 0 0 0 20 23 26 28 33 21 24 27 30 32 10 11 13 14 16 24 27 30 34 36 
25 28 32 35 38 24 27 30 34 36 15 17 19 21 23 0 0 0 0 0 14 16 18 20 23 24 27 30 34 36 13 15 17 18 22 
14 16 18 19 23 8 9 10 11 13 12 13 15 17 20 23 26 29 32 34 25 28 32 35 38 0 0 0 0 0 23 26 29 32 35 
9 1940 6
16 18 21 23 25 14 16 18 20 21 20 23 26 28 31 26 29 33 37 40 20 22 25 28 30 0 0 0 0 0 20 23 26 29 31 
16 18 20 23 24 17 19 22 25 27 24 27 30 33 38 0 0 0 0 0 26 29 33 37 41 24 27 30 33 36 8 9 11 13 13 
0 0 0 0 0 24 27 31 35 37 8 9 10 11 14 9 10 12 14 14 18 20 23 26 28 8 9 10 12 13 10 11 13 15 17 
13 15 17 19 21 8 9 11 12 13 0 0 0 0 0 22 25 28 31 35 12 14 16 18 20 24 27 30 33 37 13 15 17 18 21 
16 18 20 22 24 8 9 10 12 12 25 28 32 36 40 11 12 14 16 18 12 13 15 16 20 0 0 0 0 0 19 21 24 26 29 
17 19 22 24 28 0 0 0 0 0 8 9 10 12 13 16 18 20 22 25 24 27 30 34 38 24 27 30 34 37 20 23 26 28 31 
10 1971 6
24 27 31 34 39 20 23 26 28 32 13 15 17 19 20 16 18 21 24 25 24 27 31 35 39 26 29 33 37 39 0 0 0 0 0 
8 9 10 12 14 24 27 30 33 38 0 0 0 0 0 17 19 22 25 28 20 22 25 28 30 24 27 30 33 38 8 9 11 12 14 
18 20 23 25 27 15 17 19 20 22 24 27 31 35 37 22 25 28 31 33 19 21 24 26 28 0 0 0 0 0 27 30 34 38 40 
23 26 29 32 35 24 27 31 35 39 0 0 0 0 0 26 29 33 36 40 26 29 33 36 39 18 20 23 26 29 23 26 29 31 35 
14 16 18 20 21 0 0 0 0 0 11 12 14 16 16 20 22 25 27 30 9 10 12 13 15 21 24 27 29 34 13 15 17 18 21 
0 0 0 0 0 20 23 26 29 31 12 14 16 18 19 19 21 24 27 30 18 20 23 25 29 15 17 19 21 24 16 18 21 23 26 
11 2974 4
0 0 0 0 0 24 27 31 34 37 23 26 29 31 36 15 17 19 21 24 14 16 18 20 21 25 28 32 36 40 15 17 19 21 23 
18 20 23 25 29 26 29 33 37 39 19 21 24 26 28 24 27 30 33 37 0 0 0 0 0 23 26 29 32 36 23 26 29 31 36 
15 17 19 21 23 15 17 19 20 22 26 29 33 36 39 16 18 20 22 25 19 21 24 26 30 25 28 32 36 39 0 0 0 0 0 
21 24 27 30 32 0 0 0 0 0 24 27 31 34 39 23 26 29 31 34 24 27 30 33 36 16 18 21 24 25 8 9 11 13 14 
12 2188 6
26 29 33 36 40 21 24 27 30 34 8 9 11 13 14 27 30 34 37 41 8 9 10 12 14 0 0 0 0 0 18 20 23 26 28 
12 13 15 16 19 9 10 12 13 15 17 19 22 24 28 21 24 27 30 33 27 30 34 38 40 0 0 0 0 0 24 27 30 33 38 
18 20 23 26 28 0 0 0 0 0 8 9 10 12 14 10 11 13 14 16 18 20 23 25 28 10 11 13 14 16 16 18 21 24 26 
0 0 0 0 0 8 9 11 13 13 19 21 24 27 28 17 19 22 24 28 23 26 29 32 35 14 16 18 19 21 19 21 24 27 28 
27 30 34 38 40 0 0 0 0 0 16 18 21 24 26 27 30 34 37 40 25 28 32 36 38 11 12 14 15 17 9 10 12 14 15 
10 11 13 14 16 20 23 26 29 32 0 0 0 0 0 17 19 22 25 27 20 23 26 28 33 22 25 28 31 33 26 29 33 37 41 
13 1252 6
8 9 11 12 13 0 0 0 0 0 9 10 12 14 14 8 9 10 12 14 14 16 18 20 22 14 16 18 20 23 11 12 14 15 16 
24 27 31 34 38 10 11 13 14 16 16 18 21 23 25 11 12 14 16 17 20 23 26 28 31 18 20 23 26 28 0 0 0 0 0 
12 13 15 16 20 0 0 0 0 0 10 11 13 15 17 13 15 17 18 20 8 9 10 12 12 15 17 19 21 23 22 25 28 30 33 
16 18 21 23 27 12 14 16 17 19 10 11 13 14 17 12 13 15 16 19 15 17 19 20 22 24 27 31 35 38 0 0 0 0 0 
18 20 23 25 29 17 19 22 24 28 0 0 0 0 0 19 21 24 27 29 21 24 27 29 32 18 20 23 26 28 10 11 13 15 17 
10 11 13 14 16 26 29 33 36 40 15 17 19 21 22 22 25 28 31 33 0 0 0 0 0 25 28 32 35 39 14 16 18 19 23 
14 1169 4
24 27 30 33 38 0 0 0 0 0 24 27 30 34 37 19 21 24 27 29 21 24 27 29 33 19 21 24 27 28 19 21 24 27 29 
15 17 19 20 23 12 13 15 17 20 12 13 15 17 20 0 0 0 0 0 9 10 12 13 15 20 23 26 29 31 16 18 21 23 25 
14 16 18 19 21 23 26 29 31 34 24 27 31 35 39 26 29 33 36 39 27 30 34 38 42 0 0 0 0 0 12 13 15 17 19 
26 29 33 37 41 19 21 24 26 29 0 0 0 0 0 19 21 24 26 30 25 28 32 35 38 8 9 11 12 15 26 29 33 37 39 
15 2981 4
10 11 13 15 17 13 15 17 18 21 24 27 30 34 37 25 28 32 36 38 0 0 0 0 0 13 15 17 19 22 14 16 18 20 21 
22 25 28 31 35 20 23 26 29 32 0 0 0 0 0 13 15 17 18 21 8 9 10 12 12 16 18 21 23 25 24 27 31 34 38 
16 18 21 23 25 0 0 0 0 0 25 28 32 36 38 11 12 14 15 17 16 18 20 23 26 18 20 23 25 29 16 18 20 23 25 
24 27 31 35 39 16 18 21 24 27 24 27 30 34 38 0 0 0 0 0 8 9 10 12 12 16 18 21 23 25 24 27 30 33 36 
16 2905 6
8 9 11 12 14 26 29 33 36 40 8 9 10 11 12 0 0 0 0 0 15 17 19 20 22 24 27 30 33 38 9 10 12 13 16 
16 18 20 22 24 15 17 19 21 24 0 0 0 0 0 27 30 34 38 40 27 30 34 37 41 18 20 23 25 28 27 30 34 38 41 
22 25 28 31 34 13 15 17 18 21 16 18 21 24 25 16 18 21 24 25 0 0 0 0 0 8 9 10 11 13 20 22 25 28 31 
16 18 21 24 26 16 18 21 24 27 0 0 0 0 0 22 25 28 30 33 11 12 14 16 18 20 23 26 28 33 24 27 30 33 38 
24 27 30 33 38 15 17 19 21 24 12 13 15 17 20 16 18 20 23 24 0 0 0 0 0 13 15 17 18 22 20 22 25 28 31 
17 19 22 25 26 8 9 11 13 13 22 25 28 31 35 0 0 0 0 0 8 9 11 12 14 8 9 10 12 12 12 14 16 17 20 
17 2821 3
8 9 10 11 13 0 0 0 0 0 12 14 16 17 19 9 10 12 14 16 14 16 18 20 23 9 10 12 13 16 27 30 34 38 42 
12 14 16 17 19 25 28 32 36 40 22 25 28 30 33 27 30 34 38 42 10 11 13 14 15 17 19 22 24 26 0 0 0 0 0 
12 14 16 18 21 13 15 17 18 21 9 10 12 14 15 16 18 20 22 24 19 21 24 26 29 0 0 0 0 0 16 18 20 22 25 
18 1486 4
0 0 0 0 0 8 9 10 11 13 11 12 14 16 18 11 12 14 16 17 26 29 33 36 40 12 14 16 17 19 25 28 32 36 40 
26 29 33 37 41 0 0 0 0 0 22 25 28 30 33 25 28 32 35 39 18 20 23 26 27 25 28 32 35 38 17 19 22 25 26 
0 0 0 0 0 20 23 26 28 31 21 24 27 29 34 15 17 19 21 23 15 17 19 21 24 24 27 31 35 39 26 29 33 37 41 
21 24 27 30 33 0 0 0 0 0 12 14 16 18 21 9 10 12 13 16 24 27 30 33 37 22 25 28 31 33 16 18 21 23 26 
19 2900 6
12 13 15 16 20 10 11 13 14 16 10 11 13 14 17 25 28 32 35 39 27 30 34 38 41 14 16 18 19 22 0 0 0 0 0 
9 10 12 14 15 9 10 12 14 16 22 25 28 30 33 9 10 12 13 15 14 16 18 20 22 0 0 0 0 0 26 29 33 37 41 
9 10 12 14 14 22 25 28 30 35 16 18 21 23 26 0 0 0 0 0 16 18 20 23 24 17 19 22 25 26 8 9 11 13 13 
19 21 24 26 28 20 22 25 28 32 24 27 31 35 37 12 14 16 17 20 21 24 27 29 34 24 27 30 34 37 0 0 0 0 0 
26 29 33 37 39 17 19 22 25 27 26 29 33 36 41 8 9 11 12 15 8 9 11 13 13 26 29 33 37 41 0 0 0 0 0 
0 0 0 0 0 10 11 13 15 16 10 11 13 15 17 9 10 12 14 14 21 24 27 29 33 8 9 10 12 13 19 21 24 26 30 
20 2721 4
24 27 30 33 37 0 0 0 0 0 16 18 21 24 27 9 10 12 14 14 16 18 21 23 25 27 30 34 37 40 12 13 15 16 19 
24 27 31 35 38 19 21 24 27 29 27 30 34 37 42 0 0 0 0 0 12 14 16 17 19 16 18 21 23 25 27 30 34 37 41 
9 10 12 13 14 0 0 0 0 0 10 11 13 15 15 22 25 28 30 34 12 13 15 17 18 16 18 21 23 27 9 10 12 14 14 
25 28 32 36 39 8 9 10 12 14 12 14 16 18 20 15 17 19 20 23 0 0 0 0 0 10 11 13 14 17 18 20 23 25 27 
21 2824 4
24 27 31 35 39 26 29 33 36 40 24 27 30 34 36 20 23 26 28 32 0 0 0 0 0 24 27 30 34 36 26 29 33 36 40 
12 13 15 17 18 24 27 30 34 38 0 0 0 0 0 26 29 33 37 40 25 28 32 35 40 8 9 11 13 13 9 10 12 13 15 
25 28 32 35 40 0 0 0 0 0 8 9 10 11 14 18 20 23 25 27 14 16 18 19 21 12 14 16 17 21 21 24 27 29 34 
8 9 10 11 13 15 17 19 20 23 0 0 0 0 0 12 13 15 17 20 19 21 24 26 28 12 13 15 17 18 18 20 23 26 29 
22 2293 3
20 23 26 29 33 9 10 12 14 16 14 16 18 20 21 14 16 18 20 23 15 17 19 20 24 0 0 0 0 0 16 18 21 23 27 
23 26 29 31 35 16 18 20 23 25 27 30 34 37 42 0 0 0 0 0 16 18 21 23 25 19 21 24 26 28 11 12 14 15 17 
18 20 23 25 29 12 13 15 16 19 25 28 32 35 40 20 23 26 29 33 21 24 27 29 33 16 18 20 22 24 0 0 0 0 0 
23 1452 6
19 21 24 27 30 12 13 15 17 18 22 25 28 31 33 13 15 17 19 22 16 18 20 23 24 0 0 0 0 0 25 28 32 35 38 
24 27 31 35 37 17 19 22 25 26 23 26 29 32 36 12 13 15 16 18 0 0 0 0 0 20 23 26 29 33 24 27 31 35 38 
24 27 30 34 37 24 27 30 33 37 12 13 15 17 18 27 30 34 38 40 0 0 0 0 0 19 21 24 27 28 8 9 10 12 14 
15 17 19 20 23 22 25 28 30 33 24 27 30 33 36 21 24 27 30 33 15 17 19 21 23 11 12 14 16 18 0 0 0 0 0 
20 22 25 28 31 27 30 34 38 40 26 29 33 36 41 10 11 13 14 17 17 19 22 25 28 17 19 22 24 26 0 0 0 0 0 
17 19 22 25 28 0 0 0 0 0 12 13 15 16 20 22 25 28 31 35 16 18 20 23 26 24 27 30 34 37 12 14 16 17 19 
24 1223 3
15 17 19 20 23 21 24 27 29 33 20 22 25 28 31 0 0 0 0 0 12 13 15 17 18 19 21 24 26 30 17 19 22 25 27 
20 23 26 28 32 0 0 0 0 0 11 12 14 15 18 11 12 14 15 17 27 30 34 38 41 12 14 16 17 20 16 18 20 22 25 
19 21 24 27 29 15 17 19 21 24 8 9 11 12 13 15 17 19 20 24 9 10 12 13 15 0 0 0 0 0 19 21 24 27 30 
25 1695 6
16 18 20 22 26 21 24 27 29 33 19 21 24 26 29 0 0 0 0 0 22 25 28 30 33 8 9 10 12 14 20 23 26 29 32 
20 22 25 27 30 13 15 17 19 22 17 19 22 25 27 14 16 18 20 22 0 0 0 0 0 18 20 23 26 29 15 17 19 21 22 
18 20 23 26 29 13 15 17 18 20 12 14 16 18 19 12 13 15 16 19 19 21 24 26 28 0 0 0 0 0 19 21 24 26 29 
18 20 23 25 28 16 18 21 23 27 18 20 23 25 27 0 0 0 0 0 23 26 29 32 35 19 21 24 27 28 13 15 17 19 20 
12 14 16 17 21 26 29 33 36 39 15 17 19 21 24 11 12 14 15 18 10 11 13 15 17 0 0 0 0 0 16 18 20 23 25 
23 26 29 31 35 18 20 23 25 27 15 17 19 20 22 12 13 15 17 20 15 17 19 21 23 0 0 0 0 0 20 22 25 27 30 
26 2353 4
20 22 25 27 30 25 28 32 36 40 0 0 0 0 0 12 13 15 17 20 15 17 19 20 24 24 27 31 35 38 15 17 19 20 23 
24 27 30 34 37 0 0 0 0 0 18 20 23 25 29 26 29 33 36 39 20 22 25 27 30 19 21 24 26 29 24 27 30 33 36 
22 25 28 31 35 0 0 0 0 0 12 13 15 17 18 12 13 15 17 19 16 18 20 23 24 15 17 19 21 22 20 23 26 28 33 
0 0 0 0 0 16 18 20 23 24 26 29 33 36 41 14 16 18 20 22 23 26 29 31 36 16 18 20 23 25 17 19 22 24 26 
27 2790 5
10 11 13 14 15 15 17 19 21 23 0 0 0 0 0 15 17 19 21 22 10 11 13 15 15 16 18 21 24 25 20 22 25 27 31 
11 12 14 15 18 27 30 34 37 40 18 20 23 26 27 8 9 11 12 13 0 0 0 0 0 8 9 10 11 13 8 9 10 11 13 
12 13 15 17 19 24 27 30 33 37 16 18 20 23 26 27 30 34 37 41 18 20 23 26 29 8 9 10 12 12 0 0 0 0 0 
12 14 16 17 20 11 12 14 16 17 27 30 34 37 42 0 0 0 0 0 18 20 23 26 29 18 20 23 25 27 8 9 10 11 13 
25 28 32 36 40 16 18 21 23 25 20 22 25 27 32 9 10 12 14 15 20 23 26 28 32 27 30 34 38 40 0 0 0 0 0 
28 1996 4
17 19 22 25 26 14 16 18 19 22 24 27 31 34 38 19 21 24 27 29 24 27 30 33 37 0 0 0 0 0 20 23 26 28 33 
11 12 14 15 16 13 15 17 19 22 14 16 18 20 22 16 18 21 24 25 0 0 0 0 0 18 20 23 26 27 27 30 34 38 40 
26 29 33 37 41 17 19 22 25 28 20 22 25 28 32 8 9 10 11 14 0 0 0 0 0 20 23 26 29 32 24 27 30 34 37 
14 16 18 20 22 22 25 28 31 34 23 26 29 31 35 0 0 0 0 0 20 23 26 28 32 9 10 12 13 15 8 9 11 12 13 
29 2253 3
24 27 31 35 39 21 24 27 29 34 11 12 14 16 16 16 18 20 23 26 0 0 0 0 0 17 19 22 25 26 12 13 15 17 19 
21 24 27 29 34 20 23 26 29 31 9 10 12 14 16 20 22 25 27 32 0 0 0 0 0 24 27 30 33 37 8 9 11 12 14 
20 23 26 28 31 16 18 20 23 24 21 24 27 30 32 10 11 13 14 17 10 11 13 14 15 12 13 15 16 18 0 0 0 0 0 
0 1104 115 33 100 
1 1148 57 68 51 
2 1281 81 186 72 
3 1378 69 181 31 
4 1018 105 57 69 
5 1462 24 22 43 
6 1345 157 87 37 
17 50 8000 20000 0.52 0.78 30 5000 750 12500 0.43 0.49 900 10000 9746 5493 21 2.062
