40 7
0 2727 6
0 0 0 0 0 10 11 13 14 17 25 28 32 35 38 8 9 11 13 14 12 13 15 16 19 16 18 21 23 26 8 9 10 12 13 
22 25 28 31 34 0 0 0 0 0 16 18 20 23 24 18 20 23 25 28 22 25 28 31 34 9 10 12 13 14 19 21 24 27 29 
24 27 30 33 37 12 13 15 16 18 25 28 32 35 38 0 0 0 0 0 19 21 24 26 30 18 20 23 26 27 24 27 30 33 36 
23 26 29 31 35 9 10 12 14 15 23 26 29 32 34 0 0 0 0 0 16 18 20 23 24 11 12 14 15 18 14 16 18 19 22 
8 9 11 13 13 9 10 12 14 16 8 9 11 13 13 0 0 0 0 0 26 29 33 37 39 14 16 18 19 23 23 26 29 32 36 
21 24 27 29 33 11 12 14 15 17 22 25 28 30 35 0 0 0 0 0 14 16 18 20 23 24 27 31 34 37 11 12 14 15 16 
1 2443 6
17 19 22 24 28 24 27 31 35 39 24 27 30 33 38 12 13 15 16 19 8 9 11 13 14 0 0 0 0 0 25 28 32 35 38 
11 12 14 15 17 12 13 15 16 19 9 10 12 13 16 0 0 0 0 0 12 13 15 17 19 15 17 19 21 23 27 30 34 37 41 
25 28 32 36 39 17 19 22 24 28 9 10 12 14 14 0 0 0 0 0 23 26 29 31 34 8 9 10 12 14 17 19 22 25 28 
24 27 30 33 37 16 18 20 22 24 0 0 0 0 0 18 20 23 25 29 10 11 13 14 15 24 27 31 35 39 14 16 18 19 22 
15 17 19 21 24 0 0 0 0 0 20 22 25 27 30 15 17 19 20 22 20 23 26 29 33 18 20 23 25 29 14 16 18 20 21 
12 13 15 17 19 13 15 17 19 22 25 28 32 36 40 8 9 11 13 13 8 9 10 11 13 14 16 18 20 22 0 0 0 0 0 
2 1155 6
9 10 12 13 15 14 16 18 20 23 0 0 0 0 0 17 19 22 24 26 12 14 16 17 20 24 27 31 34 39 8 9 11 12 15 
8 9 10 12 14 24 27 31 35 37 0 0 0 0 0 17 19 22 24 28 17 19 22 24 26 25 28 32 36 40 21 24 27 29 34 
21 24 27 29 34 21 24 27 30 33 24 27 31 34 37 25 28 32 35 39 0 0 0 0 0 8 9 11 13 13 8 9 11 12 14 
13 15 17 19 22 0 0 0 0 0 24 27 31 35 38 23 26 29 31 36 8 9 10 11 13 11 12 14 15 17 10 11 13 15 15 
25 28 32 35 39 27 30 34 38 42 14 16 18 19 23 16 18 21 24 25 24 27 31 35 38 0 0 0 0 0 16 18 20 22 24 
21 24 27 29 34 23 26 29 31 35 14 16 18 19 22 15 17 19 20 24 9 10 12 14 16 0 0 0 0 0 22 25 28 31 33 
3 1048 5
0 0 0 0 0 15 17 19 21 23 19 21 24 27 28 19 21 24 26 28 12 13 15 16 19 11 12 14 15 17 24 27 31 34 37 
0 0 0 0 0 19 21 24 27 28 12 14 16 18 20 16 18 20 22 25 11 12 14 15 17 14 16 18 20 23 17 19 22 25 28 
20 22 25 27 31 0 0 0 0 0 8 9 11 13 15 9 10 12 13 16 17 19 22 24 26 14 16 18 20 21 27 30 34 38 40 
12 13 15 17 19 20 23 26 29 33 15 17 19 20 23 0 0 0 0 0 15 17 19 20 24 25 28 32 36 40 26 29 33 37 39 
19 21 24 26 29 12 13 15 16 19 16 18 21 24 26 0 0 0 0 0 23 26 29 31 36 24 27 30 34 38 20 23 26 29 31 
4 1499 5
0 0 0 0 0 8 9 10 12 14 14 16 18 20 21 12 13 15 17 20 8 9 10 11 12 24 27 31 35 39 15 17 19 21 24 
23 26 29 32 34 26 29 33 36 40 24 27 31 34 39 0 0 0 0 0 23 26 29 32 34 8 9 10 11 12 13 15 17 19 20 
0 0 0 0 0 23 26 29 32 36 18 20 23 25 29 22 25 28 30 34 24 27 30 34 36 23 26 29 32 34 13 15 17 18 21 
23 26 29 31 35 11 12 14 15 16 26 29 33 36 39 20 23 26 28 32 16 18 21 23 25 0 0 0 0 0 9 10 12 14 15 
27 30 34 38 41 0 0 0 0 0 27 30 34 37 42 12 14 16 17 21 17 19 22 24 28 12 13 15 17 20 21 24 27 29 32 
5 2516 5
0 0 0 0 0 17 19 22 24 28 12 13 15 17 19 16 18 20 22 25 11 12 14 15 18 17 19 22 24 27 10 11 13 14 15 
0 0 0 0 0 9 10 12 14 14 25 28 32 35 39 22 25 28 30 34 10 11 13 14 17 18 20 23 25 29 10 11 13 15 15 
0 0 0 0 0 19 21 24 27 29 19 21 24 26 30 17 19 22 24 27 12 13 15 17 19 15 17 19 21 24 27 30 34 38 40 
8 9 11 13 15 0 0 0 0 0 25 28 32 36 39 21 24 27 30 33 25 28 32 36 40 12 14 16 17 21 18 20 23 26 27 
24 27 31 34 39 0 0 0 0 0 19 21 24 26 29 14 16 18 19 21 23 26 29 32 36 17 19 22 25 27 27 30 34 38 42 
6 1790 5
26 29 33 37 40 0 0 0 0 0 25 28 32 36 39 18 20 23 26 29 14 16 18 19 22 18 20 23 25 28 23 26 29 32 36 
13 15 17 19 21 26 29 33 37 39 9 10 12 14 14 0 0 0 0 0 10 11 13 15 17 25 28 32 35 39 24 27 31 34 37 
9 10 12 13 15 21 24 27 29 34 8 9 11 13 15 10 11 13 15 17 26 29 33 37 40 0 0 0 0 0 16 18 20 22 25 
11 12 14 16 16 10 11 13 15 15 8 9 11 13 14 11 12 14 16 18 24 27 30 34 36 24 27 31 35 38 0 0 0 0 0 
24 27 31 35 39 10 11 13 15 17 12 13 15 16 19 13 15 17 18 20 23 26 29 31 36 0 0 0 0 0 8 9 11 12 13 
7 2619 3
24 27 31 35 38 0 0 0 0 0 24 27 30 34 37 15 17 19 20 24 27 30 34 37 40 19 21 24 27 28 22 25 28 30 34 
12 13 15 17 20 8 9 10 12 12 0 0 0 0 0 26 29 33 37 39 22 25 28 30 33 21 24 27 29 33 27 30 34 37 42 
0 0 0 0 0 26 29 33 36 40 8 9 10 12 12 20 22 25 27 30 12 13 15 17 20 11 12 14 16 18 20 22 25 28 32 
8 1851 6
16 18 21 23 25 8 9 10 12 12 18 20 23 26 27 24 27 31 35 37 17 19 22 24 28 0 0 0 0 0 17 19 22 25 28 
12 14 16 18 19 14 16 18 20 23 8 9 11 13 14 14 16 18 19 22 9 10 12 14 15 0 0 0 0 0 9 10 12 14 15 
17 19 22 24 26 22 25 28 30 35 14 16 18 20 23 20 23 26 28 31 22 25 28 30 34 0 0 0 0 0 15 17 19 20 24 
25 28 32 36 39 12 14 16 18 21 12 13 15 17 19 0 0 0 0 0 20 22 25 27 32 14 16 18 20 22 20 22 25 28 31 
8 9 10 12 13 25 28 32 35 40 0 0 0 0 0 23 26 29 31 34 9 10 12 13 15 12 14 16 18 21 18 20 23 25 28 
10 11 13 14 15 0 0 0 0 0 25 28 32 36 38 13 15 17 19 22 15 17 19 20 22 26 29 33 36 40 21 24 27 30 32 
9 2758 3
18 20 23 26 27 19 21 24 26 29 26 29 33 37 39 26 29 33 36 39 10 11 13 15 16 13 15 17 18 21 0 0 0 0 0 
27 30 34 37 40 24 27 31 35 38 15 17 19 21 24 0 0 0 0 0 15 17 19 21 24 24 27 30 33 37 13 15 17 19 21 
17 19 22 24 27 19 21 24 26 28 10 11 13 14 17 12 13 15 17 19 25 28 32 35 40 24 27 31 34 38 0 0 0 0 0 
10 1980 3
24 27 30 33 36 0 0 0 0 0 9 10 12 13 16 8 9 11 13 14 18 20 23 25 27 19 21 24 27 29 24 27 30 34 37 
25 28 32 35 40 15 17 19 20 23 17 19 22 24 26 14 16 18 20 23 20 22 25 27 30 0 0 0 0 0 13 15 17 18 22 
8 9 10 12 14 8 9 10 12 13 25 28 32 35 38 23 26 29 32 34 19 21 24 27 30 15 17 19 21 24 0 0 0 0 0 
11 1188 5
0 0 0 0 0 24 27 30 34 38 13 15 17 18 22 18 20 23 25 29 16 18 20 22 25 18 20 23 25 27 8 9 11 13 13 
21 24 27 29 33 16 18 21 23 26 17 19 22 24 28 14 16 18 20 21 0 0 0 0 0 12 13 15 16 20 16 18 20 22 26 
16 18 21 24 25 19 21 24 27 30 9 10 12 13 16 0 0 0 0 0 8 9 11 12 14 17 19 22 25 26 21 24 27 29 33 
8 9 11 13 15 24 27 31 35 38 9 10 12 13 14 25 28 32 35 38 21 24 27 30 34 0 0 0 0 0 15 17 19 21 24 
0 0 0 0 0 25 28 32 36 40 10 11 13 15 15 24 27 30 33 38 23 26 29 32 36 12 14 16 17 20 19 21 24 27 28 
12 2614 6
13 15 17 19 21 10 11 13 15 17 8 9 11 12 14 9 10 12 13 16 24 27 30 34 37 19 21 24 26 28 0 0 0 0 0 
19 21 24 26 30 21 24 27 29 33 0 0 0 0 0 13 15 17 19 22 17 19 22 24 27 18 20 23 26 27 20 22 25 28 32 
25 28 32 36 39 20 22 25 28 32 27 30 34 38 42 12 13 15 16 19 16 18 21 23 27 27 30 34 37 40 0 0 0 0 0 
20 22 25 28 30 0 0 0 0 0 24 27 30 33 37 9 10 12 14 15 9 10 12 14 15 19 21 24 27 29 11 12 14 16 17 
10 11 13 14 16 0 0 0 0 0 20 22 25 28 30 12 13 15 17 19 10 11 13 15 16 20 22 25 27 32 13 15 17 19 20 
22 25 28 31 35 25 28 32 35 39 13 15 17 19 22 0 0 0 0 0 13 15 17 19 22 12 14 16 17 21 22 25 28 31 33 
13 1474 5
13 15 17 19 20 27 30 34 37 41 23 26 29 32 36 8 9 11 12 14 12 14 16 17 20 0 0 0 0 0 20 23 26 29 31 
20 23 26 29 33 12 13 15 16 20 19 21 24 26 30 11 12 14 16 18 0 0 0 0 0 11 12 14 15 16 21 24 27 29 33 
0 0 0 0 0 9 10 12 14 16 23 26 29 31 36 12 13 15 16 19 24 27 30 33 38 11 12 14 16 16 25 28 32 35 40 
19 21 24 26 29 15 17 19 20 24 20 22 25 27 30 8 9 11 13 15 17 19 22 24 26 0 0 0 0 0 9 10 12 13 16 
16 18 21 24 26 0 0 0 0 0 15 17 19 21 22 20 23 26 28 32 27 30 34 38 41 23 26 29 31 34 21 24 27 29 33 
14 2179 5
26 29 33 36 39 22 25 28 31 35 8 9 11 13 13 0 0 0 0 0 15 17 19 21 24 14 16 18 20 23 25 28 32 36 39 
10 11 13 15 16 0 0 0 0 0 12 14 16 17 21 22 25 28 30 35 25 28 32 35 38 17 19 22 24 28 16 18 20 23 24 
10 11 13 14 16 16 18 21 23 26 24 27 31 34 38 0 0 0 0 0 24 27 30 34 38 12 13 15 17 19 9 10 12 14 15 
11 12 14 15 16 21 24 27 30 34 16 18 20 23 26 0 0 0 0 0 13 15 17 19 22 21 24 27 30 33 18 20 23 26 28 
16 18 21 23 27 12 13 15 17 18 12 14 16 18 19 0 0 0 0 0 25 28 32 35 40 16 18 21 24 27 22 25 28 31 35 
15 1655 5
8 9 10 11 14 22 25 28 31 35 0 0 0 0 0 10 11 13 15 15 25 28 32 35 40 21 24 27 29 34 17 19 22 24 27 
18 20 23 25 29 14 16 18 20 22 8 9 10 12 12 0 0 0 0 0 24 27 31 34 38 20 22 25 27 30 14 16 18 20 21 
20 22 25 27 32 0 0 0 0 0 24 27 31 34 37 18 20 23 26 27 25 28 32 35 40 22 25 28 30 33 26 29 33 36 40 
11 12 14 15 17 18 20 23 25 27 16 18 20 23 26 23 26 29 31 34 20 23 26 29 32 0 0 0 0 0 22 25 28 30 34 
10 11 13 14 15 19 21 24 27 29 0 0 0 0 0 11 12 14 16 18 16 18 21 24 25 12 14 16 17 21 21 24 27 30 33 
16 1635 5
10 11 13 15 16 0 0 0 0 0 12 13 15 17 18 24 27 31 35 38 11 12 14 15 17 27 30 34 38 41 25 28 32 35 39 
9 10 12 13 14 0 0 0 0 0 20 22 25 28 31 8 9 11 12 14 16 18 21 23 25 19 21 24 26 28 12 13 15 16 20 
9 10 12 14 15 0 0 0 0 0 12 13 15 17 20 13 15 17 18 21 12 13 15 16 19 17 19 22 24 26 8 9 10 12 12 
14 16 18 20 23 27 30 34 37 40 0 0 0 0 0 15 17 19 20 24 15 17 19 21 24 14 16 18 19 22 13 15 17 18 20 
13 15 17 18 21 24 27 31 35 37 0 0 0 0 0 8 9 11 12 13 20 22 25 28 31 24 27 30 34 37 12 14 16 17 19 
17 2094 3
18 20 23 25 28 15 17 19 20 24 12 14 16 18 20 14 16 18 19 21 20 23 26 28 33 0 0 0 0 0 10 11 13 15 16 
14 16 18 19 23 0 0 0 0 0 16 18 20 22 25 16 18 20 22 24 20 23 26 28 33 25 28 32 35 39 17 19 22 25 27 
17 19 22 24 27 8 9 10 12 13 12 14 16 18 21 8 9 11 12 14 15 17 19 21 23 26 29 33 36 41 0 0 0 0 0 
18 2364 4
22 25 28 30 35 0 0 0 0 0 18 20 23 25 28 20 22 25 28 32 12 14 16 17 21 12 13 15 17 18 20 22 25 27 32 
0 0 0 0 0 11 12 14 15 16 25 28 32 36 38 8 9 11 12 13 27 30 34 37 40 18 20 23 25 29 20 23 26 28 32 
14 16 18 19 21 10 11 13 14 17 17 19 22 24 28 17 19 22 24 26 27 30 34 37 42 0 0 0 0 0 10 11 13 14 16 
20 22 25 27 31 21 24 27 29 33 9 10 12 14 15 24 27 30 34 38 12 13 15 17 19 20 23 26 29 31 0 0 0 0 0 
19 1345 5
0 0 0 0 0 24 27 30 33 38 20 23 26 28 31 10 11 13 15 15 12 13 15 16 18 18 20 23 25 28 8 9 10 12 13 
12 13 15 17 20 27 30 34 37 42 0 0 0 0 0 12 14 16 18 20 10 11 13 15 17 9 10 12 13 16 16 18 20 22 25 
10 11 13 15 15 0 0 0 0 0 22 25 28 31 35 12 14 16 17 20 24 27 30 33 37 24 27 31 35 39 24 27 31 35 37 
23 26 29 32 36 0 0 0 0 0 14 16 18 20 21 16 18 21 24 26 9 10 12 14 16 9 10 12 13 14 22 25 28 31 33 
12 13 15 17 18 13 15 17 18 22 22 25 28 30 33 26 29 33 36 40 19 21 24 26 28 9 10 12 13 15 0 0 0 0 0 
20 2820 6
0 0 0 0 0 24 27 30 33 37 24 27 31 34 39 11 12 14 16 18 15 17 19 20 22 18 20 23 25 28 13 15 17 19 22 
23 26 29 32 35 21 24 27 29 34 11 12 14 16 16 20 22 25 27 31 27 30 34 37 41 0 0 0 0 0 9 10 12 13 14 
25 28 32 35 40 12 14 16 17 21 22 25 28 31 35 9 10 12 14 14 20 22 25 27 30 16 18 20 22 26 0 0 0 0 0 
19 21 24 26 30 23 26 29 31 36 26 29 33 37 41 16 18 21 23 26 16 18 21 23 26 11 12 14 16 16 0 0 0 0 0 
11 12 14 15 18 13 15 17 19 20 0 0 0 0 0 13 15 17 18 22 19 21 24 27 28 8 9 11 12 13 14 16 18 19 22 
20 23 26 29 33 0 0 0 0 0 16 18 21 23 27 16 18 20 22 26 10 11 13 15 17 15 17 19 20 23 22 25 28 31 33 
21 2607 6
20 22 25 28 30 21 24 27 30 34 24 27 31 34 38 0 0 0 0 0 8 9 11 12 13 14 16 18 19 22 22 25 28 31 34 
9 10 12 13 14 0 0 0 0 0 21 24 27 29 32 8 9 11 12 14 20 23 26 28 31 19 21 24 26 30 8 9 10 12 13 
10 11 13 15 15 0 0 0 0 0 27 30 34 37 40 16 18 21 23 26 12 14 16 17 21 14 16 18 20 22 9 10 12 14 14 
15 17 19 20 24 9 10 12 14 15 16 18 20 23 25 11 12 14 15 17 20 22 25 27 32 8 9 10 11 14 0 0 0 0 0 
25 28 32 36 38 17 19 22 24 28 8 9 11 13 15 0 0 0 0 0 27 30 34 38 40 13 15 17 18 20 14 16 18 19 22 
10 11 13 14 15 0 0 0 0 0 17 19 22 24 26 24 27 31 35 38 13 15 17 19 22 8 9 10 12 14 13 15 17 18 22 
22 1441 5
13 15 17 18 21 8 9 10 12 12 0 0 0 0 0 10 11 13 14 15 16 18 20 22 25 12 14 16 17 20 20 22 25 28 31 
8 9 10 11 13 21 24 27 29 33 0 0 0 0 0 24 27 30 34 37 27 30 34 37 42 26 29 33 36 40 13 15 17 18 21 
23 26 29 31 35 12 13 15 16 20 10 11 13 15 17 23 26 29 32 36 16 18 21 24 25 0 0 0 0 0 16 18 20 23 26 
11 12 14 16 17 26 29 33 37 41 16 18 21 24 26 27 30 34 38 41 0 0 0 0 0 14 16 18 19 23 27 30 34 38 40 
8 9 10 11 14 27 30 34 37 42 0 0 0 0 0 20 22 25 27 30 18 20 23 25 28 26 29 33 36 39 19 21 24 26 29 
23 1482 4
0 0 0 0 0 10 11 13 14 15 21 24 27 29 34 20 22 25 28 32 12 13 15 16 18 23 26 29 31 34 12 13 15 16 18 
20 22 25 27 31 25 28 32 36 38 25 28 32 35 40 24 27 30 34 37 0 0 0 0 0 18 20 23 25 27 8 9 10 11 13 
15 17 19 21 23 23 26 29 32 35 0 0 0 0 0 9 10 12 14 14 24 27 31 35 39 9 10 12 14 15 21 24 27 29 34 
12 14 16 17 20 11 12 14 15 18 8 9 11 13 13 25 28 32 36 39 0 0 0 0 0 24 27 31 35 38 20 23 26 29 32 
24 1425 6
0 0 0 0 0 17 19 22 25 28 20 23 26 28 32 22 25 28 31 35 17 19 22 24 27 12 14 16 18 20 16 18 20 23 24 
11 12 14 15 16 11 12 14 16 17 18 20 23 26 28 25 28 32 36 40 14 16 18 20 21 0 0 0 0 0 24 27 31 35 38 
0 0 0 0 0 20 23 26 28 32 20 22 25 28 30 17 19 22 25 26 14 16 18 20 21 12 14 16 17 20 15 17 19 21 24 
12 13 15 17 18 15 17 19 20 22 0 0 0 0 0 10 11 13 15 15 12 13 15 17 19 8 9 11 13 13 27 30 34 38 41 
0 0 0 0 0 11 12 14 16 17 10 11 13 15 15 11 12 14 15 17 12 14 16 17 21 12 14 16 18 19 16 18 21 23 27 
0 0 0 0 0 22 25 28 31 33 25 28 32 36 39 10 11 13 14 15 8 9 10 11 13 24 27 31 34 38 9 10 12 13 15 
25 2242 3
16 18 20 23 26 16 18 20 23 26 18 20 23 25 28 16 18 20 22 25 0 0 0 0 0 24 27 30 33 36 13 15 17 18 22 
19 21 24 27 29 19 21 24 27 30 12 14 16 17 19 20 23 26 28 32 0 0 0 0 0 13 15 17 18 21 24 27 30 33 37 
18 20 23 25 29 15 17 19 20 23 20 22 25 28 31 10 11 13 15 15 26 29 33 37 41 26 29 33 36 41 0 0 0 0 0 
26 2114 3
9 10 12 13 14 23 26 29 31 35 20 22 25 27 31 13 15 17 19 21 27 30 34 37 41 0 0 0 0 0 24 27 31 34 38 
24 27 31 35 39 13 15 17 19 21 16 18 20 22 26 8 9 10 11 12 8 9 10 12 12 0 0 0 0 0 26 29 33 36 39 
0 0 0 0 0 10 11 13 15 17 8 9 10 12 13 20 22 25 28 32 18 20 23 25 28 24 27 30 34 36 18 20 23 25 28 
27 2736 5
12 13 15 17 18 20 22 25 27 31 0 0 0 0 0 8 9 10 12 13 9 10 12 14 14 25 28 32 36 40 23 26 29 31 36 
23 26 29 31 36 13 15 17 19 22 15 17 19 21 22 0 0 0 0 0 14 16 18 20 21 24 27 31 35 38 10 11 13 15 17 
24 27 31 35 39 16 18 20 23 26 16 18 20 23 25 8 9 11 12 14 0 0 0 0 0 21 24 27 30 34 12 14 16 17 20 
25 28 32 36 40 9 10 12 13 14 24 27 30 33 36 0 0 0 0 0 20 22 25 27 32 23 26 29 32 36 8 9 11 12 15 
15 17 19 20 22 24 27 31 34 37 16 18 20 23 24 15 17 19 20 22 0 0 0 0 0 14 16 18 19 22 17 19 22 25 26 
28 1202 4
16 18 21 23 25 12 14 16 17 20 8 9 10 12 12 8 9 10 12 14 0 0 0 0 0 16 18 20 22 26 12 14 16 18 20 
17 19 22 24 26 21 24 27 29 34 0 0 0 0 0 19 21 24 27 29 21 24 27 30 32 19 21 24 27 30 12 14 16 17 20 
9 10 12 14 16 20 23 26 28 32 16 18 20 22 25 9 10 12 13 15 24 27 31 34 38 0 0 0 0 0 8 9 10 11 14 
22 25 28 30 35 21 24 27 29 34 10 11 13 14 15 27 30 34 37 40 24 27 31 34 39 0 0 0 0 0 20 22 25 27 32 
29 2389 6
0 0 0 0 0 15 17 19 20 22 9 10 12 13 14 25 28 32 36 40 24 27 30 34 38 20 22 25 27 30 16 18 21 23 27 
12 14 16 18 19 12 14 16 18 19 12 13 15 17 19 14 16 18 19 22 0 0 0 0 0 8 9 10 11 14 21 24 27 30 32 
9 10 12 14 14 0 0 0 0 0 11 12 14 16 18 14 16 18 20 22 24 27 31 35 39 27 30 34 37 40 8 9 11 12 14 
21 24 27 29 34 9 10 12 13 14 14 16 18 19 23 16 18 20 22 25 15 17 19 20 23 0 0 0 0 0 17 19 22 24 27 
0 0 0 0 0 24 27 31 35 38 23 26 29 32 36 26 29 33 36 41 26 29 33 37 40 27 30 34 37 40 14 16 18 20 21 
24 27 31 35 37 27 30 34 38 40 0 0 0 0 0 18 20 23 25 28 10 11 13 15 17 23 26 29 31 34 14 16 18 19 22 
30 2702 5
24 27 31 35 38 10 11 13 15 17 14 16 18 19 23 22 25 28 31 35 0 0 0 0 0 12 13 15 17 19 20 22 25 28 32 
21 24 27 30 33 21 24 27 29 34 19 21 24 26 28 20 23 26 29 31 15 17 19 20 24 0 0 0 0 0 8 9 10 11 14 
25 28 32 36 38 27 30 34 38 40 25 28 32 35 40 21 24 27 30 33 0 0 0 0 0 15 17 19 20 22 19 21 24 26 29 
18 20 23 26 29 20 23 26 28 33 13 15 17 19 21 8 9 11 12 15 24 27 30 34 36 0 0 0 0 0 22 25 28 30 35 
0 0 0 0 0 21 24 27 30 34 9 10 12 13 15 19 21 24 27 30 12 13 15 17 20 16 18 21 23 27 21 24 27 30 33 
31 1887 4
20 23 26 29 33 25 28 32 36 39 22 25 28 30 33 16 18 20 23 26 20 22 25 28 32 8 9 11 12 14 0 0 0 0 0 
0 0 0 0 0 8 9 10 11 14 10 11 13 14 16 10 11 13 15 16 26 29 33 36 39 11 12 14 15 18 17 19 22 24 28 
27 30 34 38 41 20 23 26 29 32 12 13 15 17 18 22 25 28 31 35 0 0 0 0 0 23 26 29 32 34 24 27 30 34 37 
26 29 33 36 39 20 23 26 29 32 23 26 29 32 36 16 18 21 24 27 0 0 0 0 0 21 24 27 30 32 12 14 16 17 20 
32 2103 6
16 18 21 23 26 24 27 31 34 39 8 9 11 12 13 12 14 16 18 19 24 27 31 34 39 8 9 11 12 13 0 0 0 0 0 
8 9 10 11 14 23 26 29 32 35 8 9 11 12 15 18 20 23 26 28 20 22 25 28 30 8 9 10 11 12 0 0 0 0 0 
14 16 18 19 23 19 21 24 26 28 14 16 18 19 23 0 0 0 0 0 12 14 16 18 21 20 23 26 28 33 25 28 32 35 39 
24 27 31 35 38 20 22 25 27 31 27 30 34 37 40 25 28 32 36 39 12 14 16 17 19 0 0 0 0 0 15 17 19 21 22 
18 20 23 25 27 16 18 21 23 27 27 30 34 38 40 8 9 11 13 15 20 22 25 27 31 0 0 0 0 0 20 22 25 28 32 
0 0 0 0 0 19 21 24 27 28 15 17 19 21 22 16 18 20 22 25 14 16 18 19 21 12 13 15 17 20 18 20 23 25 27 
33 2811 6
24 27 31 34 39 8 9 10 12 12 0 0 0 0 0 20 23 26 28 31 12 14 16 18 19 19 21 24 27 30 10 11 13 15 15 
23 26 29 32 36 15 17 19 20 24 26 29 33 36 40 19 21 24 26 28 22 25 28 30 35 0 0 0 0 0 25 28 32 35 39 
0 0 0 0 0 12 13 15 17 20 20 22 25 28 31 9 10 12 14 14 22 25 28 30 34 16 18 20 22 24 12 14 16 17 19 
24 27 31 34 39 17 19 22 24 26 16 18 20 23 26 26 29 33 36 41 27 30 34 38 40 0 0 0 0 0 21 24 27 29 32 
26 29 33 36 39 13 15 17 18 22 0 0 0 0 0 22 25 28 30 34 25 28 32 36 40 13 15 17 18 22 20 23 26 29 32 
12 14 16 18 19 8 9 10 12 13 24 27 30 34 37 12 13 15 16 18 10 11 13 14 15 13 15 17 19 20 0 0 0 0 0 
34 2837 5
0 0 0 0 0 8 9 11 12 14 24 27 30 34 38 19 21 24 26 30 20 23 26 28 33 12 14 16 18 19 19 21 24 26 30 
23 26 29 31 35 25 28 32 35 38 8 9 10 12 12 0 0 0 0 0 24 27 30 34 38 23 26 29 31 36 17 19 22 24 28 
8 9 10 11 13 15 17 19 21 22 0 0 0 0 0 14 16 18 19 23 20 23 26 28 31 24 27 31 35 37 20 23 26 29 33 
11 12 14 15 17 14 16 18 20 23 11 12 14 15 16 24 27 31 34 39 24 27 30 34 38 0 0 0 0 0 8 9 11 13 13 
10 11 13 15 15 16 18 21 24 27 0 0 0 0 0 25 28 32 36 39 18 20 23 25 28 25 28 32 36 40 21 24 27 29 33 
35 2603 4
0 0 0 0 0 25 28 32 36 40 16 18 20 22 24 20 23 26 28 33 24 27 31 34 38 15 17 19 20 24 14 16 18 20 21 
0 0 0 0 0 20 23 26 28 33 14 16 18 19 22 22 25 28 30 33 9 10 12 14 14 11 12 14 16 16 12 14 16 17 20 
24 27 30 33 38 15 17 19 21 23 21 24 27 30 34 20 23 26 28 32 0 0 0 0 0 10 11 13 15 15 20 23 26 28 31 
10 11 13 15 15 17 19 22 25 27 12 13 15 16 18 0 0 0 0 0 13 15 17 18 20 12 14 16 17 20 8 9 11 12 13 
36 1801 3
18 20 23 25 27 8 9 10 11 14 8 9 11 13 13 20 22 25 28 30 27 30 34 38 41 0 0 0 0 0 24 27 31 35 37 
10 11 13 15 15 13 15 17 19 20 0 0 0 0 0 8 9 10 11 13 20 22 25 28 31 18 20 23 26 29 16 18 20 22 25 
18 20 23 26 29 14 16 18 20 23 25 28 32 35 38 16 18 20 23 24 26 29 33 36 41 0 0 0 0 0 12 13 15 16 18 
37 2825 4
8 9 10 12 14 27 30 34 37 40 8 9 11 13 15 14 16 18 20 23 0 0 0 0 0 19 21 24 27 30 20 23 26 28 33 
0 0 0 0 0 13 15 17 18 22 24 27 31 35 37 8 9 10 12 12 24 27 31 35 39 25 28 32 35 39 16 18 21 23 27 
0 0 0 0 0 9 10 12 13 16 22 25 28 30 35 25 28 32 35 38 12 14 16 17 20 16 18 21 24 25 8 9 11 13 13 
20 23 26 28 32 0 0 0 0 0 16 18 21 24 27 12 14 16 17 21 19 21 24 26 30 21 24 27 30 32 14 16 18 20 23 
38 1840 5
14 16 18 20 22 0 0 0 0 0 15 17 19 20 22 25 28 32 36 39 18 20 23 26 28 12 14 16 18 19 12 13 15 17 19 
16 18 20 23 25 22 25 28 31 34 20 23 26 29 33 24 27 30 34 38 0 0 0 0 0 17 19 22 25 28 15 17 19 21 24 
12 14 16 18 20 13 15 17 19 21 0 0 0 0 0 20 23 26 29 32 10 11 13 14 15 12 13 15 17 19 24 27 31 35 37 
0 0 0 0 0 15 17 19 20 22 20 23 26 28 33 9 10 12 13 14 13 15 17 18 20 17 19 22 25 26 26 29 33 37 41 
13 15 17 18 22 24 27 31 34 37 20 23 26 29 31 0 0 0 0 0 19 21 24 26 28 27 30 34 38 40 21 24 27 29 32 
39 2329 4
13 15 17 18 20 0 0 0 0 0 16 18 20 22 24 12 14 16 17 19 11 12 14 15 17 16 18 21 23 26 24 27 31 34 38 
8 9 10 12 12 0 0 0 0 0 22 25 28 31 34 16 18 20 23 25 20 23 26 28 31 18 20 23 26 27 27 30 34 38 42 
20 23 26 29 32 16 18 20 23 25 10 11 13 15 17 12 14 16 18 19 17 19 22 24 28 0 0 0 0 0 23 26 29 31 35 
27 30 34 38 41 24 27 30 34 36 15 17 19 20 22 8 9 11 13 14 0 0 0 0 0 14 16 18 20 21 24 27 30 33 38 
0 1081 129 51 35 
1 1289 200 192 37 
2 1160 198 114 81 
3 1121 115 177 93 
4 1171 52 45 81 
5 1481 109 105 101 
6 1271 176 216 11 
17 50 8000 20000 0.52 0.78 30 5000 750 12500 0.43 0.49 900 10000 9746 5493 21 2.062
