50 10
0 2899 8
16 18 20 22 26 15 17 19 21 22 15 17 19 20 22 26 29 33 36 41 12 13 15 17 19 0 0 0 0 0 15 17 19 21 24 16 18 21 24 26 10 11 13 14 15 8 9 10 11 12 
10 11 13 15 17 15 17 19 21 23 0 0 0 0 0 26 29 33 36 40 8 9 11 13 14 24 27 30 34 37 20 22 25 27 31 17 19 22 25 26 9 10 12 13 16 16 18 21 24 25 
9 10 12 13 14 20 23 26 29 33 24 27 31 34 37 0 0 0 0 0 16 18 21 23 26 19 21 24 27 29 12 14 16 17 21 18 20 23 25 29 25 28 32 35 39 19 21 24 27 29 
9 10 12 13 16 20 23 26 28 31 0 0 0 0 0 18 20 23 26 28 25 28 32 36 38 22 25 28 31 35 12 14 16 17 19 19 21 24 27 30 24 27 31 35 38 12 13 15 16 19 
14 16 18 19 23 25 28 32 36 40 25 28 32 36 40 17 19 22 25 27 25 28 32 35 40 13 15 17 18 20 17 19 22 24 26 0 0 0 0 0 25 28 32 35 38 10 11 13 15 16 
20 23 26 28 32 14 16 18 19 22 20 23 26 29 32 17 19 22 25 26 14 16 18 19 23 20 23 26 29 33 0 0 0 0 0 24 27 30 34 36 24 27 30 33 36 21 24 27 30 34 
12 13 15 17 19 12 14 16 17 19 26 29 33 36 40 25 28 32 35 38 12 14 16 18 21 0 0 0 0 0 20 22 25 28 31 8 9 10 12 12 9 10 12 13 15 10 11 13 14 15 
17 19 22 24 27 21 24 27 29 34 0 0 0 0 0 24 27 31 34 38 9 10 12 14 14 25 28 32 35 40 8 9 10 12 14 10 11 13 14 17 17 19 22 24 26 16 18 21 24 27 
1 1974 6
0 0 0 0 0 13 15 17 18 22 16 18 20 22 24 19 21 24 27 30 14 16 18 19 22 13 15 17 18 20 10 11 13 15 17 8 9 11 13 13 16 18 20 22 26 22 25 28 31 34 
17 19 22 24 27 20 22 25 27 32 8 9 11 13 13 27 30 34 38 40 8 9 11 13 13 12 13 15 17 20 13 15 17 18 22 13 15 17 18 22 8 9 11 12 13 0 0 0 0 0 
27 30 34 38 41 10 11 13 15 15 24 27 31 35 39 20 23 26 29 33 23 26 29 32 34 0 0 0 0 0 27 30 34 38 40 21 24 27 30 34 8 9 11 13 13 8 9 10 12 12 
14 16 18 19 22 12 13 15 17 19 11 12 14 16 16 8 9 10 11 12 11 12 14 15 16 9 10 12 13 14 19 21 24 26 28 21 24 27 30 33 0 0 0 0 0 19 21 24 27 29 
18 20 23 26 27 0 0 0 0 0 8 9 11 13 13 27 30 34 38 42 16 18 21 23 25 25 28 32 36 39 11 12 14 15 16 20 22 25 28 32 8 9 10 11 12 14 16 18 19 22 
18 20 23 25 28 12 13 15 17 18 23 26 29 32 34 0 0 0 0 0 8 9 10 12 12 15 17 19 21 23 16 18 21 23 25 8 9 11 12 14 9 10 12 14 16 24 27 31 35 38 
2 2766 6
23 26 29 31 34 16 18 20 23 25 10 11 13 15 17 0 0 0 0 0 12 13 15 16 18 16 18 21 23 26 25 28 32 35 39 20 23 26 29 31 11 12 14 15 18 24 27 30 33 37 
16 18 20 22 25 10 11 13 14 16 0 0 0 0 0 11 12 14 16 17 14 16 18 20 21 20 23 26 28 33 13 15 17 19 22 19 21 24 27 30 18 20 23 26 27 16 18 21 23 26 
9 10 12 13 16 11 12 14 15 16 0 0 0 0 0 17 19 22 24 28 11 12 14 15 16 10 11 13 14 17 27 30 34 37 42 22 25 28 31 33 27 30 34 37 40 20 22 25 28 31 
25 28 32 36 38 25 28 32 36 39 24 27 30 34 37 17 19 22 25 27 20 22 25 28 31 0 0 0 0 0 16 18 20 23 25 24 27 31 34 38 9 10 12 13 16 22 25 28 31 33 
18 20 23 26 29 18 20 23 25 27 14 16 18 19 23 18 20 23 25 28 0 0 0 0 0 15 17 19 21 24 18 20 23 25 29 20 23 26 28 32 22 25 28 31 34 8 9 10 11 14 
11 12 14 15 16 27 30 34 38 41 8 9 10 12 12 16 18 20 23 24 14 16 18 20 23 0 0 0 0 0 25 28 32 35 40 12 13 15 17 20 14 16 18 19 23 20 23 26 28 31 
3 2904 9
9 10 12 14 14 9 10 12 14 15 16 18 20 22 26 12 13 15 16 20 15 17 19 21 22 12 13 15 16 20 23 26 29 32 34 0 0 0 0 0 16 18 21 23 27 12 13 15 17 19 
0 0 0 0 0 15 17 19 20 22 8 9 11 12 13 19 21 24 26 28 14 16 18 20 23 10 11 13 15 16 11 12 14 16 18 11 12 14 15 16 22 25 28 31 35 15 17 19 21 22 
23 26 29 31 35 19 21 24 27 28 26 29 33 36 40 14 16 18 20 22 0 0 0 0 0 12 13 15 16 19 23 26 29 32 35 8 9 11 13 13 12 14 16 18 19 20 23 26 29 32 
12 14 16 18 20 27 30 34 37 40 24 27 31 35 38 14 16 18 20 22 10 11 13 15 15 19 21 24 26 29 0 0 0 0 0 26 29 33 37 40 26 29 33 36 39 12 14 16 17 21 
14 16 18 19 22 25 28 32 35 40 16 18 20 22 26 8 9 10 11 14 25 28 32 36 40 13 15 17 19 21 8 9 10 11 12 21 24 27 30 34 0 0 0 0 0 13 15 17 18 21 
8 9 11 12 15 27 30 34 38 41 22 25 28 31 33 19 21 24 27 29 13 15 17 18 22 24 27 30 33 36 0 0 0 0 0 21 24 27 30 32 25 28 32 35 39 23 26 29 32 34 
27 30 34 38 41 12 14 16 18 20 27 30 34 38 42 16 18 21 24 27 17 19 22 25 28 25 28 32 36 38 26 29 33 37 40 8 9 11 13 14 27 30 34 38 41 0 0 0 0 0 
26 29 33 36 40 17 19 22 25 28 10 11 13 15 16 20 23 26 28 33 23 26 29 32 34 8 9 10 12 12 9 10 12 13 15 8 9 11 13 15 16 18 20 22 24 0 0 0 0 0 
12 14 16 18 21 12 13 15 16 19 0 0 0 0 0 17 19 22 24 28 12 14 16 17 21 8 9 10 11 12 8 9 11 13 13 12 13 15 17 18 10 11 13 15 15 22 25 28 30 34 
4 2954 9
20 23 26 29 33 16 18 21 24 25 26 29 33 37 40 22 25 28 31 35 26 29 33 37 39 10 11 13 14 17 26 29 33 37 40 11 12 14 15 18 10 11 13 15 15 0 0 0 0 0 
17 19 22 25 26 21 24 27 30 32 25 28 32 35 40 14 16 18 20 21 25 28 32 36 38 9 10 12 14 15 21 24 27 30 33 25 28 32 36 39 0 0 0 0 0 18 20 23 26 29 
13 15 17 19 21 10 11 13 14 16 8 9 10 12 12 16 18 21 24 26 0 0 0 0 0 9 10 12 13 15 15 17 19 20 24 8 9 11 12 13 18 20 23 26 29 18 20 23 25 27 
0 0 0 0 0 12 14 16 17 20 10 11 13 14 15 24 27 30 34 38 20 23 26 28 33 12 13 15 17 19 13 15 17 19 21 27 30 34 37 41 17 19 22 25 28 18 20 23 25 27 
0 0 0 0 0 13 15 17 18 20 23 26 29 31 35 27 30 34 37 42 10 11 13 14 16 24 27 30 34 38 24 27 31 34 38 8 9 10 11 14 18 20 23 25 29 21 24 27 30 33 
12 14 16 18 20 12 14 16 18 21 19 21 24 26 28 24 27 30 33 37 23 26 29 31 34 19 21 24 26 28 0 0 0 0 0 16 18 21 24 26 20 23 26 28 31 14 16 18 20 21 
10 11 13 15 16 11 12 14 16 18 22 25 28 31 35 20 23 26 29 31 24 27 30 33 38 23 26 29 32 36 10 11 13 14 15 24 27 30 34 37 0 0 0 0 0 22 25 28 30 34 
21 24 27 30 33 0 0 0 0 0 12 13 15 16 20 25 28 32 36 38 20 22 25 28 30 16 18 21 24 25 21 24 27 29 32 13 15 17 18 21 17 19 22 24 26 17 19 22 25 26 
10 11 13 15 16 12 14 16 18 21 27 30 34 38 40 20 23 26 28 31 16 18 20 22 24 0 0 0 0 0 24 27 30 34 36 12 14 16 18 20 9 10 12 13 14 20 22 25 27 30 
5 2946 5
19 21 24 27 28 22 25 28 31 34 24 27 30 34 37 12 13 15 16 19 18 20 23 26 27 14 16 18 20 23 0 0 0 0 0 16 18 21 23 26 9 10 12 13 15 18 20 23 25 27 
26 29 33 36 39 22 25 28 30 34 0 0 0 0 0 16 18 20 22 24 19 21 24 26 28 16 18 21 23 26 20 23 26 28 31 24 27 30 33 36 16 18 21 24 25 20 22 25 27 32 
24 27 31 34 39 8 9 11 12 14 20 22 25 27 32 27 30 34 37 40 14 16 18 20 22 20 23 26 29 32 10 11 13 14 15 0 0 0 0 0 12 13 15 16 19 21 24 27 30 33 
24 27 31 35 37 23 26 29 31 35 0 0 0 0 0 9 10 12 13 16 21 24 27 29 32 8 9 10 11 13 27 30 34 37 40 8 9 11 13 15 15 17 19 20 22 24 27 31 34 37 
10 11 13 15 16 12 13 15 16 18 9 10 12 14 15 13 15 17 19 22 0 0 0 0 0 14 16 18 19 23 17 19 22 25 26 19 21 24 26 28 20 23 26 29 32 24 27 31 34 38 
6 2515 5
16 18 20 22 26 21 24 27 29 34 9 10 12 13 15 14 16 18 20 22 12 13 15 17 19 0 0 0 0 0 21 24 27 29 33 14 16 18 20 21 9 10 12 13 15 14 16 18 19 22 
11 12 14 15 17 23 26 29 32 35 23 26 29 31 35 16 18 20 23 26 20 23 26 29 33 8 9 10 11 12 24 27 30 34 36 15 17 19 20 24 0 0 0 0 0 17 19 22 24 28 
27 30 34 37 41 18 20 23 26 28 11 12 14 16 17 15 17 19 20 23 16 18 21 23 27 21 24 27 29 32 15 17 19 20 24 0 0 0 0 0 19 21 24 26 28 22 25 28 30 34 
9 10 12 13 16 24 27 30 34 36 14 16 18 19 22 0 0 0 0 0 26 29 33 36 39 18 20 23 26 28 15 17 19 21 23 16 18 20 23 24 8 9 10 11 14 24 27 30 34 38 
27 30 34 37 41 8 9 11 13 15 10 11 13 15 17 11 12 14 16 18 16 18 20 22 26 11 12 14 15 18 20 23 26 29 32 13 15 17 19 22 9 10 12 13 16 0 0 0 0 0 
7 2352 10
0 0 0 0 0 17 19 22 25 27 8 9 10 12 13 25 28 32 35 40 25 28 32 36 38 26 29 33 36 39 15 17 19 20 24 8 9 10 12 14 13 15 17 19 22 23 26 29 31 35 
16 18 20 23 24 10 11 13 14 15 8 9 10 12 14 22 25 28 30 33 11 12 14 15 18 19 21 24 26 30 0 0 0 0 0 23 26 29 32 34 26 29 33 37 41 24 27 31 34 39 
25 28 32 35 40 16 18 21 23 25 21 24 27 29 32 0 0 0 0 0 8 9 11 13 13 16 18 21 24 25 27 30 34 38 40 12 13 15 17 19 18 20 23 26 28 27 30 34 38 42 
20 23 26 28 32 20 23 26 29 32 16 18 21 24 27 24 27 31 34 39 16 18 20 22 24 0 0 0 0 0 21 24 27 30 33 13 15 17 18 20 12 14 16 17 20 21 24 27 30 32 
12 13 15 16 19 0 0 0 0 0 27 30 34 37 42 12 13 15 17 20 21 24 27 29 32 18 20 23 25 28 20 22 25 27 31 12 14 16 18 21 23 26 29 31 34 24 27 31 35 38 
20 23 26 29 32 16 18 21 23 27 21 24 27 29 32 8 9 10 11 12 15 17 19 20 22 23 26 29 31 36 17 19 22 25 26 13 15 17 18 21 0 0 0 0 0 17 19 22 25 26 
11 12 14 16 17 9 10 12 14 15 9 10 12 13 15 25 28 32 35 40 16 18 21 23 27 12 13 15 16 19 0 0 0 0 0 15 17 19 21 23 8 9 10 12 13 8 9 10 11 13 
0 0 0 0 0 16 18 21 23 27 8 9 10 11 14 26 29 33 36 41 20 23 26 29 33 8 9 10 12 13 18 20 23 26 27 17 19 22 24 28 20 22 25 28 32 21 24 27 30 34 
16 18 20 23 24 27 30 34 38 40 0 0 0 0 0 20 23 26 28 33 16 18 20 22 24 22 25 28 31 35 22 25 28 31 34 19 21 24 27 28 17 19 22 25 27 18 20 23 26 28 
25 28 32 35 40 22 25 28 31 34 20 22 25 27 30 24 27 30 34 36 17 19 22 25 27 18 20 23 25 29 26 29 33 36 40 12 13 15 16 20 0 0 0 0 0 14 16 18 19 22 
8 1309 9
16 18 21 24 25 11 12 14 15 18 23 26 29 31 34 21 24 27 29 32 16 18 21 24 25 8 9 11 13 14 0 0 0 0 0 14 16 18 19 21 14 16 18 20 23 17 19 22 25 28 
16 18 21 24 27 16 18 21 23 26 16 18 20 23 25 24 27 31 34 37 24 27 31 34 37 24 27 31 35 37 0 0 0 0 0 11 12 14 15 17 10 11 13 15 17 27 30 34 37 40 
26 29 33 37 40 17 19 22 25 28 20 22 25 27 30 9 10 12 14 14 27 30 34 38 41 15 17 19 21 23 24 27 30 33 36 16 18 20 23 25 0 0 0 0 0 12 13 15 16 18 
12 14 16 17 20 24 27 30 34 38 20 22 25 27 31 14 16 18 20 22 10 11 13 14 15 19 21 24 26 28 0 0 0 0 0 20 22 25 27 30 24 27 31 34 39 12 14 16 17 20 
20 22 25 27 30 11 12 14 15 17 16 18 20 22 26 25 28 32 35 40 27 30 34 38 41 9 10 12 13 16 22 25 28 30 33 9 10 12 13 16 9 10 12 14 15 0 0 0 0 0 
20 22 25 27 30 12 14 16 17 19 25 28 32 36 40 13 15 17 18 21 20 23 26 29 32 11 12 14 15 17 10 11 13 15 15 0 0 0 0 0 14 16 18 20 22 24 27 30 34 36 
8 9 11 12 15 17 19 22 24 28 10 11 13 14 16 14 16 18 20 21 19 21 24 26 28 24 27 30 34 38 10 11 13 14 16 11 12 14 15 16 16 18 21 23 25 0 0 0 0 0 
8 9 10 12 13 0 0 0 0 0 11 12 14 16 18 14 16 18 19 21 20 23 26 28 32 11 12 14 16 18 10 11 13 14 15 20 22 25 28 30 24 27 30 33 36 14 16 18 19 22 
9 10 12 13 14 24 27 30 34 36 12 14 16 17 19 8 9 10 11 12 15 17 19 21 22 12 13 15 16 19 22 25 28 31 34 23 26 29 31 36 10 11 13 14 15 0 0 0 0 0 
9 2141 10
20 22 25 28 30 21 24 27 30 34 16 18 20 23 25 0 0 0 0 0 27 30 34 37 41 24 27 31 35 38 11 12 14 15 18 17 19 22 24 26 16 18 20 23 25 24 27 31 35 39 
20 23 26 28 32 12 13 15 16 20 0 0 0 0 0 15 17 19 20 22 13 15 17 18 21 18 20 23 26 27 20 22 25 28 31 24 27 31 34 39 15 17 19 20 22 24 27 31 35 37 
20 23 26 28 31 24 27 30 33 36 18 20 23 26 28 15 17 19 21 24 24 27 30 34 38 15 17 19 21 23 8 9 10 11 13 20 22 25 27 32 22 25 28 30 33 0 0 0 0 0 
27 30 34 38 41 9 10 12 14 15 14 16 18 19 22 0 0 0 0 0 15 17 19 20 23 10 11 13 15 15 25 28 32 35 39 14 16 18 20 22 14 16 18 20 22 24 27 31 34 37 
0 0 0 0 0 26 29 33 36 41 15 17 19 20 24 13 15 17 19 21 15 17 19 20 22 17 19 22 24 28 13 15 17 19 20 18 20 23 25 28 12 13 15 16 18 15 17 19 20 22 
19 21 24 27 28 15 17 19 21 22 17 19 22 25 27 12 13 15 17 20 16 18 21 24 25 0 0 0 0 0 17 19 22 24 26 27 30 34 38 42 22 25 28 30 33 21 24 27 29 33 
16 18 21 24 25 0 0 0 0 0 25 28 32 35 39 27 30 34 38 40 15 17 19 21 24 27 30 34 38 40 25 28 32 36 39 8 9 10 12 14 27 30 34 37 42 13 15 17 19 22 
11 12 14 15 18 24 27 31 35 39 12 14 16 18 19 15 17 19 20 23 27 30 34 38 40 9 10 12 13 15 8 9 11 13 15 25 28 32 35 38 0 0 0 0 0 11 12 14 15 16 
0 0 0 0 0 20 22 25 27 31 27 30 34 38 40 20 23 26 29 31 20 22 25 27 31 25 28 32 36 40 16 18 21 23 27 16 18 21 24 26 20 23 26 29 31 18 20 23 25 29 
9 10 12 13 14 22 25 28 31 35 25 28 32 35 39 15 17 19 21 23 0 0 0 0 0 11 12 14 16 17 22 25 28 31 34 10 11 13 15 17 18 20 23 25 28 16 18 21 24 27 
10 2887 9
8 9 11 12 15 20 23 26 29 33 10 11 13 15 16 0 0 0 0 0 8 9 11 12 15 27 30 34 37 41 16 18 21 24 26 16 18 20 22 25 13 15 17 18 22 10 11 13 15 15 
0 0 0 0 0 22 25 28 30 35 20 23 26 29 32 24 27 30 34 36 24 27 30 34 38 18 20 23 26 29 23 26 29 31 35 8 9 11 13 15 26 29 33 36 41 11 12 14 16 17 
21 24 27 29 32 14 16 18 19 22 21 24 27 29 34 20 23 26 28 33 16 18 20 23 25 8 9 11 12 14 12 13 15 17 18 0 0 0 0 0 12 14 16 18 20 22 25 28 31 34 
14 16 18 20 21 18 20 23 26 29 22 25 28 31 34 20 23 26 28 32 20 23 26 28 32 20 23 26 29 32 27 30 34 38 42 20 23 26 28 32 0 0 0 0 0 8 9 11 13 14 
0 0 0 0 0 14 16 18 20 23 20 23 26 29 32 23 26 29 31 35 23 26 29 31 36 12 14 16 18 20 24 27 31 35 38 8 9 11 12 13 24 27 31 35 39 27 30 34 37 42 
10 11 13 14 16 12 14 16 17 21 15 17 19 20 22 21 24 27 30 32 0 0 0 0 0 25 28 32 35 39 12 13 15 16 20 8 9 10 11 13 14 16 18 20 22 11 12 14 15 17 
25 28 32 35 38 27 30 34 37 40 25 28 32 35 38 18 20 23 25 29 19 21 24 27 30 8 9 11 12 14 17 19 22 25 27 27 30 34 38 42 19 21 24 26 29 0 0 0 0 0 
16 18 21 24 27 15 17 19 20 22 13 15 17 18 22 12 14 16 17 20 16 18 20 22 26 20 22 25 28 31 16 18 20 22 26 27 30 34 37 41 0 0 0 0 0 26 29 33 37 41 
21 24 27 29 33 27 30 34 38 41 20 23 26 28 32 9 10 12 13 14 0 0 0 0 0 8 9 11 12 15 12 13 15 17 19 10 11 13 14 16 22 25 28 31 35 18 20 23 25 27 
11 2298 6
0 0 0 0 0 17 19 22 25 28 27 30 34 37 40 12 14 16 18 19 20 22 25 27 31 12 13 15 16 18 12 13 15 16 20 12 13 15 16 19 20 22 25 27 32 16 18 21 24 26 
21 24 27 30 34 27 30 34 37 40 8 9 10 11 12 0 0 0 0 0 13 15 17 18 22 27 30 34 38 42 10 11 13 15 17 24 27 31 35 37 10 11 13 14 17 8 9 11 12 14 
24 27 30 33 37 12 13 15 16 19 26 29 33 36 40 24 27 30 33 36 16 18 20 23 24 20 23 26 28 33 8 9 10 12 12 0 0 0 0 0 9 10 12 14 16 15 17 19 20 22 
21 24 27 29 33 8 9 10 12 13 0 0 0 0 0 10 11 13 14 15 15 17 19 21 24 27 30 34 38 42 17 19 22 25 28 14 16 18 19 22 10 11 13 14 17 15 17 19 20 22 
22 25 28 31 33 8 9 11 13 14 15 17 19 20 24 16 18 21 24 26 27 30 34 38 40 0 0 0 0 0 17 19 22 24 28 8 9 10 12 12 13 15 17 18 21 19 21 24 26 28 
11 12 14 15 18 8 9 10 11 12 12 14 16 18 20 12 13 15 16 19 24 27 31 34 38 0 0 0 0 0 14 16 18 19 23 10 11 13 14 17 12 13 15 17 19 14 16 18 19 23 
12 2188 5
11 12 14 15 17 16 18 20 22 24 13 15 17 19 21 19 21 24 27 30 0 0 0 0 0 27 30 34 38 40 9 10 12 13 14 14 16 18 20 22 25 28 32 35 38 14 16 18 19 22 
0 0 0 0 0 22 25 28 31 34 15 17 19 20 23 11 12 14 15 16 22 25 28 30 35 14 16 18 19 22 24 27 30 34 38 21 24 27 30 34 8 9 11 13 13 14 16 18 19 22 
20 23 26 29 32 25 28 32 36 38 26 29 33 36 40 26 29 33 37 39 18 20 23 26 28 10 11 13 14 15 20 22 25 27 32 8 9 11 13 15 19 21 24 27 28 0 0 0 0 0 
13 15 17 19 22 19 21 24 26 29 21 24 27 30 34 27 30 34 38 42 21 24 27 29 32 16 18 20 22 24 13 15 17 19 20 0 0 0 0 0 16 18 21 23 26 8 9 10 12 14 
13 15 17 18 22 0 0 0 0 0 10 11 13 14 15 24 27 31 35 38 12 13 15 17 20 18 20 23 25 27 20 22 25 27 32 25 28 32 35 39 24 27 31 34 37 13 15 17 18 22 
13 1707 10
20 23 26 28 33 26 29 33 37 40 18 20 23 26 29 17 19 22 25 28 15 17 19 21 22 0 0 0 0 0 16 18 21 23 26 8 9 11 12 14 8 9 10 12 13 16 18 20 22 24 
23 26 29 32 34 20 22 25 28 31 26 29 33 36 41 10 11 13 14 16 18 20 23 25 28 25 28 32 35 40 12 14 16 18 19 17 19 22 25 28 0 0 0 0 0 13 15 17 19 20 
12 13 15 16 19 11 12 14 16 16 13 15 17 18 22 21 24 27 30 33 0 0 0 0 0 12 13 15 16 20 20 23 26 28 33 13 15 17 19 21 16 18 21 24 26 23 26 29 31 35 
13 15 17 19 20 24 27 30 34 36 15 17 19 21 24 27 30 34 37 40 8 9 10 12 12 24 27 31 35 38 14 16 18 19 22 17 19 22 24 27 20 23 26 28 31 0 0 0 0 0 
19 21 24 26 29 24 27 30 34 37 24 27 31 35 39 24 27 31 35 38 0 0 0 0 0 25 28 32 35 38 15 17 19 21 23 27 30 34 38 40 16 18 20 22 25 25 28 32 36 40 
12 13 15 17 20 16 18 21 24 26 22 25 28 31 33 17 19 22 25 27 25 28 32 35 40 0 0 0 0 0 22 25 28 30 35 16 18 20 22 26 11 12 14 16 16 12 14 16 18 21 
18 20 23 25 28 16 18 20 23 26 11 12 14 15 18 27 30 34 38 41 0 0 0 0 0 15 17 19 21 22 23 26 29 31 34 16 18 21 24 26 16 18 20 23 26 22 25 28 31 35 
20 22 25 28 31 9 10 12 14 16 24 27 30 33 36 27 30 34 37 42 22 25 28 31 35 9 10 12 14 16 0 0 0 0 0 21 24 27 30 33 24 27 30 33 38 22 25 28 30 33 
13 15 17 19 21 21 24 27 29 34 14 16 18 20 21 20 23 26 29 31 12 14 16 17 19 26 29 33 36 39 18 20 23 26 27 22 25 28 31 34 19 21 24 26 30 0 0 0 0 0 
22 25 28 31 35 12 13 15 16 19 27 30 34 38 41 27 30 34 38 42 0 0 0 0 0 16 18 21 23 26 19 21 24 26 29 8 9 11 13 13 19 21 24 26 28 18 20 23 26 29 
14 1646 7
26 29 33 36 39 24 27 31 35 39 23 26 29 32 34 8 9 10 12 14 0 0 0 0 0 8 9 10 12 12 9 10 12 13 16 14 16 18 19 21 17 19 22 25 27 26 29 33 37 41 
0 0 0 0 0 14 16 18 19 22 19 21 24 27 28 9 10 12 14 16 16 18 21 23 25 8 9 10 11 14 23 26 29 32 34 19 21 24 27 29 9 10 12 14 14 9 10 12 13 14 
21 24 27 29 34 10 11 13 15 17 0 0 0 0 0 20 22 25 27 31 10 11 13 14 17 13 15 17 19 22 17 19 22 24 27 10 11 13 15 15 19 21 24 26 28 11 12 14 15 16 
26 29 33 37 41 12 13 15 17 20 16 18 21 23 26 26 29 33 36 41 8 9 10 11 12 10 11 13 15 15 15 17 19 20 23 0 0 0 0 0 8 9 11 13 13 15 17 19 20 22 
20 23 26 28 33 19 21 24 27 28 26 29 33 37 40 24 27 30 33 38 24 27 30 34 37 0 0 0 0 0 16 18 21 23 26 9 10 12 14 16 22 25 28 31 33 11 12 14 15 16 
20 23 26 29 31 0 0 0 0 0 25 28 32 35 40 24 27 30 33 38 9 10 12 13 14 25 28 32 36 40 17 19 22 24 26 18 20 23 25 27 24 27 31 35 39 19 21 24 27 29 
16 18 21 23 26 0 0 0 0 0 20 23 26 29 32 24 27 31 35 39 19 21 24 27 28 20 22 25 28 30 26 29 33 36 40 25 28 32 36 38 16 18 20 22 25 22 25 28 30 35 
15 2827 9
15 17 19 20 23 15 17 19 21 24 15 17 19 20 24 10 11 13 14 15 21 24 27 30 33 12 14 16 17 20 22 25 28 30 35 27 30 34 38 41 0 0 0 0 0 15 17 19 20 22 
26 29 33 37 41 15 17 19 21 24 0 0 0 0 0 8 9 10 11 13 18 20 23 26 27 18 20 23 26 27 24 27 30 34 38 11 12 14 16 16 18 20 23 26 27 20 22 25 27 30 
24 27 31 34 38 27 30 34 37 42 0 0 0 0 0 22 25 28 30 35 12 14 16 17 21 8 9 10 11 12 24 27 31 34 37 12 14 16 18 21 17 19 22 25 28 20 23 26 28 32 
15 17 19 21 23 27 30 34 38 41 22 25 28 31 35 16 18 20 23 24 22 25 28 30 34 0 0 0 0 0 20 22 25 28 31 25 28 32 36 40 15 17 19 21 24 23 26 29 31 36 
18 20 23 25 29 8 9 10 11 14 24 27 31 35 37 8 9 11 12 13 13 15 17 18 20 9 10 12 14 14 26 29 33 37 39 14 16 18 20 21 20 23 26 29 32 0 0 0 0 0 
19 21 24 27 30 20 22 25 28 32 8 9 11 13 13 14 16 18 20 22 27 30 34 38 41 15 17 19 21 22 0 0 0 0 0 8 9 11 13 14 10 11 13 15 17 24 27 31 34 38 
19 21 24 27 30 12 14 16 17 21 19 21 24 27 28 26 29 33 37 41 0 0 0 0 0 27 30 34 38 40 18 20 23 25 29 9 10 12 13 15 26 29 33 37 39 12 13 15 17 19 
17 19 22 24 27 27 30 34 37 42 16 18 21 23 27 25 28 32 36 39 22 25 28 31 33 27 30 34 38 40 9 10 12 14 14 0 0 0 0 0 13 15 17 18 21 10 11 13 15 16 
20 23 26 29 33 24 27 30 34 36 27 30 34 37 42 12 13 15 17 18 24 27 31 34 39 27 30 34 37 41 14 16 18 19 22 0 0 0 0 0 23 26 29 31 34 8 9 10 11 14 
16 2555 5
25 28 32 36 39 27 30 34 37 41 8 9 10 11 13 21 24 27 29 33 0 0 0 0 0 9 10 12 14 14 25 28 32 35 40 27 30 34 37 42 24 27 30 33 36 15 17 19 21 22 
16 18 20 23 24 24 27 31 34 37 12 14 16 17 20 10 11 13 14 17 22 25 28 31 34 8 9 11 13 14 24 27 30 33 36 18 20 23 26 29 0 0 0 0 0 8 9 10 12 12 
24 27 30 34 38 26 29 33 37 41 0 0 0 0 0 11 12 14 15 17 27 30 34 37 41 20 22 25 27 31 23 26 29 32 35 21 24 27 30 33 22 25 28 31 33 22 25 28 30 33 
14 16 18 20 21 23 26 29 31 35 9 10 12 13 14 15 17 19 21 22 0 0 0 0 0 11 12 14 16 18 27 30 34 38 40 21 24 27 29 34 24 27 30 33 37 9 10 12 13 14 
27 30 34 37 42 12 13 15 16 20 24 27 31 35 39 11 12 14 15 18 20 22 25 27 32 21 24 27 29 32 27 30 34 38 41 10 11 13 15 16 0 0 0 0 0 11 12 14 15 16 
17 1184 7
10 11 13 14 16 9 10 12 13 14 20 23 26 28 32 26 29 33 36 41 21 24 27 29 32 13 15 17 18 21 9 10 12 14 16 27 30 34 38 41 14 16 18 20 21 0 0 0 0 0 
18 20 23 26 29 20 22 25 28 31 24 27 30 33 38 13 15 17 19 22 14 16 18 20 23 18 20 23 25 28 22 25 28 30 33 9 10 12 13 15 9 10 12 14 14 0 0 0 0 0 
27 30 34 37 41 19 21 24 26 29 19 21 24 26 28 14 16 18 20 23 18 20 23 25 27 8 9 10 11 13 25 28 32 36 39 0 0 0 0 0 8 9 11 12 13 23 26 29 31 35 
9 10 12 13 15 17 19 22 25 27 8 9 10 11 12 24 27 30 34 38 10 11 13 15 16 18 20 23 25 28 20 23 26 28 32 21 24 27 29 32 18 20 23 26 27 0 0 0 0 0 
20 22 25 27 30 9 10 12 14 14 26 29 33 36 39 8 9 11 12 15 12 13 15 17 20 16 18 21 23 27 20 22 25 28 30 8 9 10 11 12 8 9 10 11 12 0 0 0 0 0 
10 11 13 15 16 27 30 34 38 40 11 12 14 16 16 12 14 16 17 20 18 20 23 25 29 14 16 18 20 21 21 24 27 29 33 22 25 28 31 34 13 15 17 18 20 0 0 0 0 0 
8 9 10 12 14 26 29 33 36 40 25 28 32 35 39 24 27 30 33 38 20 22 25 27 31 0 0 0 0 0 9 10 12 14 15 8 9 10 11 13 27 30 34 38 41 26 29 33 37 40 
18 2325 7
0 0 0 0 0 18 20 23 26 29 11 12 14 16 16 16 18 21 24 27 20 23 26 29 32 21 24 27 29 34 17 19 22 24 26 13 15 17 19 22 9 10 12 14 16 12 14 16 18 20 
21 24 27 30 33 24 27 30 33 38 0 0 0 0 0 19 21 24 26 29 14 16 18 20 23 14 16 18 20 22 9 10 12 14 16 12 13 15 16 19 26 29 33 36 41 20 23 26 28 32 
20 22 25 28 30 0 0 0 0 0 8 9 11 13 14 14 16 18 20 22 26 29 33 37 39 11 12 14 16 17 24 27 30 33 38 16 18 20 22 24 19 21 24 26 30 25 28 32 36 39 
14 16 18 19 22 16 18 20 22 25 24 27 31 35 39 12 13 15 16 18 20 23 26 28 33 23 26 29 32 34 12 14 16 18 21 25 28 32 36 40 21 24 27 30 32 0 0 0 0 0 
18 20 23 25 27 26 29 33 37 39 20 23 26 29 32 20 23 26 29 31 16 18 21 23 25 12 14 16 17 21 0 0 0 0 0 22 25 28 30 34 12 14 16 17 21 16 18 21 24 25 
11 12 14 16 16 20 23 26 29 32 23 26 29 31 36 26 29 33 36 39 13 15 17 19 20 24 27 31 35 37 21 24 27 29 34 10 11 13 15 16 8 9 11 13 15 0 0 0 0 0 
20 23 26 28 32 20 23 26 29 33 26 29 33 37 39 20 22 25 28 31 0 0 0 0 0 25 28 32 35 40 15 17 19 21 23 12 13 15 17 18 9 10 12 14 16 21 24 27 30 33 
19 2513 7
18 20 23 25 28 20 22 25 27 32 0 0 0 0 0 20 23 26 29 32 26 29 33 36 39 16 18 20 22 25 8 9 10 11 14 18 20 23 25 28 20 22 25 28 31 20 23 26 29 31 
12 13 15 17 18 9 10 12 13 16 0 0 0 0 0 8 9 11 13 14 18 20 23 25 28 21 24 27 29 33 10 11 13 15 16 25 28 32 35 39 26 29 33 36 41 12 13 15 16 20 
20 23 26 29 31 19 21 24 26 28 15 17 19 21 24 26 29 33 36 40 17 19 22 25 28 0 0 0 0 0 13 15 17 19 22 14 16 18 20 23 23 26 29 32 35 16 18 21 23 27 
25 28 32 35 39 25 28 32 35 40 20 22 25 27 30 10 11 13 14 16 22 25 28 31 34 8 9 10 12 14 0 0 0 0 0 13 15 17 19 21 16 18 20 22 25 19 21 24 27 30 
12 13 15 16 19 8 9 10 12 13 24 27 31 35 39 12 13 15 17 18 24 27 30 34 37 22 25 28 30 34 0 0 0 0 0 8 9 11 12 15 16 18 21 23 27 20 22 25 27 32 
16 18 21 23 27 11 12 14 15 17 0 0 0 0 0 8 9 11 12 14 20 23 26 28 33 19 21 24 27 30 22 25 28 31 35 12 14 16 18 19 14 16 18 19 22 24 27 30 33 38 
17 19 22 24 28 17 19 22 24 28 0 0 0 0 0 13 15 17 18 22 12 14 16 18 19 18 20 23 26 28 11 12 14 15 16 10 11 13 15 17 19 21 24 27 28 9 10 12 14 14 
20 2298 7
12 13 15 17 19 18 20 23 25 27 22 25 28 30 35 0 0 0 0 0 22 25 28 30 35 24 27 31 34 38 27 30 34 37 40 20 22 25 28 30 20 22 25 27 31 22 25 28 31 35 
13 15 17 18 22 0 0 0 0 0 9 10 12 14 16 20 22 25 28 30 24 27 31 34 38 8 9 11 13 14 20 22 25 28 31 17 19 22 25 28 22 25 28 31 34 12 13 15 17 18 
12 14 16 18 21 13 15 17 18 22 25 28 32 36 38 26 29 33 36 41 12 13 15 16 18 8 9 11 12 13 21 24 27 30 33 22 25 28 31 33 23 26 29 32 35 0 0 0 0 0 
23 26 29 31 35 23 26 29 31 36 0 0 0 0 0 15 17 19 21 23 10 11 13 14 17 26 29 33 37 40 14 16 18 19 23 23 26 29 31 36 10 11 13 14 15 12 13 15 16 20 
25 28 32 36 38 26 29 33 36 41 21 24 27 29 32 14 16 18 19 23 8 9 10 12 14 10 11 13 14 15 9 10 12 13 15 0 0 0 0 0 20 22 25 28 31 14 16 18 19 21 
27 30 34 38 42 18 20 23 26 28 14 16 18 20 23 25 28 32 36 39 24 27 30 34 36 25 28 32 36 40 20 22 25 28 31 24 27 30 33 38 0 0 0 0 0 26 29 33 37 41 
23 26 29 32 34 17 19 22 25 27 25 28 32 36 39 9 10 12 13 16 26 29 33 37 40 0 0 0 0 0 22 25 28 30 33 19 21 24 27 30 19 21 24 26 28 10 11 13 14 16 
21 2408 6
18 20 23 26 27 13 15 17 18 22 24 27 31 34 37 16 18 21 23 25 15 17 19 21 23 26 29 33 37 39 8 9 10 12 13 18 20 23 25 28 0 0 0 0 0 20 23 26 29 33 
0 0 0 0 0 23 26 29 31 34 12 14 16 17 19 14 16 18 19 22 17 19 22 25 26 15 17 19 21 23 19 21 24 27 29 11 12 14 15 18 16 18 20 22 26 16 18 20 23 24 
27 30 34 38 41 22 25 28 30 34 18 20 23 26 29 25 28 32 35 40 16 18 20 23 24 22 25 28 31 35 0 0 0 0 0 26 29 33 36 39 8 9 10 11 14 16 18 21 24 27 
16 18 21 23 27 0 0 0 0 0 18 20 23 25 27 12 13 15 16 18 22 25 28 31 34 9 10 12 13 15 24 27 31 35 39 14 16 18 19 21 20 22 25 28 30 15 17 19 21 22 
10 11 13 15 17 12 13 15 16 19 26 29 33 36 39 24 27 31 35 38 8 9 11 12 14 20 23 26 28 33 12 14 16 18 21 20 23 26 29 31 8 9 11 13 14 0 0 0 0 0 
17 19 22 24 26 10 11 13 15 16 20 23 26 29 33 25 28 32 35 38 0 0 0 0 0 25 28 32 35 39 25 28 32 36 40 17 19 22 24 28 16 18 20 23 24 24 27 30 34 36 
22 1889 9
25 28 32 36 38 24 27 30 34 36 11 12 14 16 17 27 30 34 38 41 0 0 0 0 0 13 15 17 19 21 15 17 19 21 22 11 12 14 15 16 15 17 19 20 24 26 29 33 37 41 
21 24 27 30 32 0 0 0 0 0 24 27 31 34 39 21 24 27 30 32 18 20 23 25 27 17 19 22 24 28 26 29 33 36 40 13 15 17 18 21 21 24 27 30 32 24 27 31 34 39 
11 12 14 16 18 0 0 0 0 0 15 17 19 20 22 19 21 24 27 28 8 9 10 11 13 23 26 29 31 34 23 26 29 31 35 16 18 20 22 25 20 22 25 28 30 22 25 28 31 34 
9 10 12 13 16 0 0 0 0 0 14 16 18 19 21 23 26 29 32 35 8 9 11 12 13 8 9 10 11 12 12 13 15 16 20 24 27 31 34 39 13 15 17 19 20 17 19 22 24 27 
0 0 0 0 0 16 18 20 23 25 8 9 11 13 13 12 14 16 17 21 10 11 13 14 16 19 21 24 26 28 19 21 24 26 30 24 27 31 34 39 24 27 30 34 38 12 14 16 17 19 
11 12 14 16 17 15 17 19 20 23 14 16 18 20 23 8 9 10 11 13 23 26 29 31 36 24 27 30 34 38 16 18 20 22 26 18 20 23 26 28 0 0 0 0 0 24 27 30 34 38 
20 23 26 28 32 0 0 0 0 0 12 13 15 17 19 9 10 12 14 15 21 24 27 29 34 26 29 33 36 39 16 18 21 24 26 23 26 29 31 36 25 28 32 35 39 12 13 15 16 19 
8 9 10 12 12 24 27 30 34 38 13 15 17 18 20 0 0 0 0 0 20 23 26 29 32 10 11 13 15 16 27 30 34 37 41 12 13 15 16 18 21 24 27 29 34 16 18 20 23 25 
24 27 30 33 36 8 9 10 11 12 19 21 24 26 30 19 21 24 26 30 10 11 13 14 16 0 0 0 0 0 27 30 34 38 42 9 10 12 13 16 20 23 26 29 31 15 17 19 21 22 
23 2667 8
20 23 26 29 33 12 13 15 16 18 0 0 0 0 0 8 9 10 12 14 8 9 11 12 13 11 12 14 16 16 16 18 20 22 24 26 29 33 36 41 13 15 17 18 22 15 17 19 20 24 
16 18 20 23 25 19 21 24 26 30 18 20 23 26 29 23 26 29 31 36 25 28 32 36 38 0 0 0 0 0 17 19 22 24 27 18 20 23 25 29 8 9 11 13 15 12 14 16 17 20 
16 18 21 23 25 9 10 12 14 14 9 10 12 14 15 26 29 33 37 40 18 20 23 25 29 9 10 12 13 16 0 0 0 0 0 16 18 21 23 26 19 21 24 27 29 9 10 12 13 14 
25 28 32 36 38 12 14 16 17 21 8 9 10 11 14 24 27 31 35 38 12 13 15 16 19 8 9 10 11 13 19 21 24 26 30 0 0 0 0 0 18 20 23 25 29 18 20 23 25 28 
0 0 0 0 0 13 15 17 18 22 26 29 33 37 39 27 30 34 37 41 22 25 28 30 34 10 11 13 14 16 22 25 28 31 35 8 9 10 11 12 14 16 18 20 22 24 27 30 33 38 
12 13 15 16 18 12 13 15 17 19 16 18 20 22 25 11 12 14 16 16 25 28 32 35 40 16 18 21 23 25 20 23 26 28 32 13 15 17 18 20 12 14 16 17 20 0 0 0 0 0 
24 27 30 34 38 21 24 27 30 33 0 0 0 0 0 25 28 32 35 40 24 27 30 33 38 9 10 12 13 14 9 10 12 14 15 21 24 27 29 34 25 28 32 36 38 16 18 20 23 24 
16 18 20 22 25 21 24 27 30 33 27 30 34 38 40 16 18 21 24 26 20 22 25 27 30 20 23 26 29 32 13 15 17 18 22 0 0 0 0 0 25 28 32 36 39 27 30 34 37 40 
24 1547 6
10 11 13 14 15 8 9 10 11 12 0 0 0 0 0 16 18 20 22 26 10 11 13 14 16 12 13 15 17 18 24 27 31 34 38 20 23 26 28 32 14 16 18 19 22 24 27 30 33 36 
14 16 18 19 21 0 0 0 0 0 12 14 16 18 19 24 27 30 33 38 8 9 11 13 15 13 15 17 19 22 24 27 31 35 37 23 26 29 32 34 11 12 14 16 17 9 10 12 14 16 
13 15 17 19 20 18 20 23 26 28 19 21 24 27 28 18 20 23 25 28 22 25 28 31 33 0 0 0 0 0 11 12 14 16 17 25 28 32 35 40 18 20 23 25 29 23 26 29 32 35 
12 14 16 18 19 11 12 14 15 18 0 0 0 0 0 26 29 33 36 41 22 25 28 31 33 22 25 28 31 34 20 22 25 28 31 12 14 16 17 19 22 25 28 31 33 13 15 17 19 22 
17 19 22 25 28 25 28 32 35 38 0 0 0 0 0 10 11 13 15 16 20 23 26 28 33 22 25 28 31 33 12 13 15 17 18 25 28 32 36 40 13 15 17 18 22 18 20 23 25 28 
12 13 15 16 18 0 0 0 0 0 27 30 34 38 42 24 27 31 34 39 19 21 24 26 28 9 10 12 14 16 24 27 31 35 38 12 13 15 16 18 27 30 34 37 40 26 29 33 36 41 
25 2579 10
16 18 21 23 26 24 27 30 33 36 17 19 22 24 26 24 27 31 35 38 21 24 27 30 34 24 27 31 34 37 0 0 0 0 0 9 10 12 14 16 27 30 34 37 42 21 24 27 30 33 
11 12 14 16 16 26 29 33 37 39 18 20 23 25 29 0 0 0 0 0 12 14 16 17 20 17 19 22 24 27 14 16 18 20 23 10 11 13 14 15 16 18 21 23 27 17 19 22 25 28 
24 27 31 35 38 8 9 10 11 13 12 13 15 17 20 8 9 10 12 12 16 18 21 24 27 20 23 26 29 33 12 13 15 16 20 17 19 22 24 27 0 0 0 0 0 27 30 34 38 40 
24 27 30 33 37 25 28 32 36 40 20 22 25 28 31 13 15 17 19 22 16 18 20 23 25 17 19 22 25 28 17 19 22 24 27 24 27 31 34 38 0 0 0 0 0 24 27 31 35 38 
15 17 19 20 24 8 9 10 12 12 8 9 11 13 14 0 0 0 0 0 20 22 25 28 30 8 9 10 11 14 16 18 20 23 25 8 9 10 11 14 25 28 32 36 40 17 19 22 24 28 
18 20 23 26 27 13 15 17 18 20 20 23 26 28 32 16 18 20 22 24 0 0 0 0 0 16 18 20 22 26 16 18 21 24 27 9 10 12 13 14 25 28 32 36 39 14 16 18 20 21 
27 30 34 37 40 27 30 34 38 42 24 27 31 35 39 24 27 31 35 37 15 17 19 21 24 0 0 0 0 0 22 25 28 30 34 11 12 14 16 16 27 30 34 37 40 21 24 27 29 32 
11 12 14 15 16 25 28 32 35 39 13 15 17 18 21 11 12 14 16 18 15 17 19 21 24 24 27 31 35 37 0 0 0 0 0 23 26 29 32 36 21 24 27 30 34 9 10 12 13 15 
16 18 21 24 26 24 27 30 34 36 8 9 11 13 13 10 11 13 14 15 22 25 28 30 35 12 14 16 18 19 21 24 27 29 33 19 21 24 26 28 0 0 0 0 0 12 13 15 17 19 
26 29 33 36 41 22 25 28 31 35 15 17 19 21 22 8 9 10 11 13 17 19 22 24 27 9 10 12 13 15 8 9 11 13 13 0 0 0 0 0 26 29 33 36 41 10 11 13 15 17 
26 2262 9
24 27 31 35 39 12 13 15 16 20 23 26 29 31 34 24 27 31 34 37 9 10 12 13 14 24 27 30 34 36 0 0 0 0 0 20 23 26 29 31 10 11 13 15 16 21 24 27 30 32 
15 17 19 20 22 12 14 16 18 19 10 11 13 15 17 25 28 32 35 39 17 19 22 24 26 27 30 34 37 41 0 0 0 0 0 18 20 23 26 28 8 9 10 11 12 19 21 24 26 28 
21 24 27 30 32 18 20 23 26 29 15 17 19 21 24 13 15 17 18 20 14 16 18 19 23 20 22 25 28 30 15 17 19 20 23 0 0 0 0 0 21 24 27 29 32 12 13 15 16 19 
13 15 17 18 22 21 24 27 29 32 16 18 20 22 24 20 23 26 28 31 0 0 0 0 0 14 16 18 20 21 22 25 28 31 34 15 17 19 21 23 17 19 22 25 26 8 9 11 12 14 
24 27 31 35 37 12 14 16 18 19 20 22 25 27 30 19 21 24 26 29 27 30 34 38 42 0 0 0 0 0 14 16 18 19 21 24 27 30 33 36 9 10 12 13 16 23 26 29 31 36 
16 18 21 23 25 25 28 32 36 39 20 22 25 27 32 24 27 30 34 36 8 9 10 11 13 8 9 10 11 14 23 26 29 32 35 9 10 12 13 14 9 10 12 14 14 0 0 0 0 0 
12 14 16 17 21 0 0 0 0 0 14 16 18 20 21 18 20 23 26 29 14 16 18 19 22 8 9 11 12 15 17 19 22 25 28 16 18 21 24 26 26 29 33 37 41 24 27 30 34 37 
8 9 10 12 12 16 18 21 23 26 17 19 22 25 26 25 28 32 35 39 17 19 22 25 26 20 22 25 28 30 0 0 0 0 0 26 29 33 37 41 24 27 31 35 39 18 20 23 26 29 
12 13 15 16 18 8 9 10 12 12 18 20 23 25 28 12 13 15 17 19 0 0 0 0 0 8 9 10 12 12 15 17 19 20 22 16 18 21 23 27 10 11 13 15 17 17 19 22 24 27 
27 1013 8
12 13 15 16 20 25 28 32 35 40 16 18 20 22 25 24 27 30 34 36 21 24 27 29 32 16 18 20 22 25 20 23 26 28 31 21 24 27 29 34 18 20 23 25 28 0 0 0 0 0 
17 19 22 25 26 26 29 33 36 39 12 13 15 16 18 12 14 16 17 21 17 19 22 25 26 0 0 0 0 0 12 13 15 17 20 11 12 14 15 18 18 20 23 26 29 24 27 30 33 36 
15 17 19 20 22 21 24 27 29 32 12 14 16 18 19 0 0 0 0 0 16 18 21 23 27 23 26 29 32 36 12 13 15 16 18 27 30 34 37 42 17 19 22 25 28 17 19 22 25 27 
10 11 13 15 16 24 27 30 34 38 22 25 28 31 33 14 16 18 19 23 0 0 0 0 0 18 20 23 26 28 13 15 17 18 21 17 19 22 24 27 26 29 33 36 40 23 26 29 31 36 
0 0 0 0 0 23 26 29 32 34 17 19 22 24 27 17 19 22 25 28 24 27 31 34 37 14 16 18 20 21 15 17 19 20 23 27 30 34 37 40 10 11 13 14 16 20 22 25 28 31 
22 25 28 31 35 18 20 23 26 29 21 24 27 30 32 23 26 29 31 36 8 9 10 12 12 16 18 21 23 26 10 11 13 14 16 0 0 0 0 0 20 23 26 28 32 20 22 25 28 32 
11 12 14 16 18 24 27 30 33 37 12 13 15 17 19 24 27 31 34 38 0 0 0 0 0 14 16 18 20 21 12 13 15 17 19 8 9 10 11 12 16 18 20 22 25 22 25 28 30 33 
17 19 22 25 26 18 20 23 25 27 0 0 0 0 0 20 22 25 28 31 20 23 26 28 31 15 17 19 21 23 22 25 28 30 34 22 25 28 30 33 19 21 24 26 30 27 30 34 38 40 
28 1437 7
11 12 14 16 16 14 16 18 20 22 13 15 17 18 21 12 14 16 18 20 12 14 16 17 19 0 0 0 0 0 24 27 30 34 36 22 25 28 31 34 11 12 14 16 18 9 10 12 14 16 
17 19 22 24 27 24 27 30 33 38 15 17 19 20 24 16 18 20 22 26 20 22 25 27 32 13 15 17 19 22 25 28 32 36 39 12 13 15 16 20 0 0 0 0 0 11 12 14 16 18 
27 30 34 37 42 8 9 10 12 14 25 28 32 35 38 24 27 31 34 37 24 27 31 35 39 16 18 20 23 26 8 9 10 11 13 14 16 18 19 22 0 0 0 0 0 23 26 29 32 35 
12 14 16 18 20 25 28 32 35 40 14 16 18 19 23 9 10 12 14 16 21 24 27 30 32 20 22 25 28 30 19 21 24 26 28 11 12 14 15 17 16 18 20 23 24 0 0 0 0 0 
22 25 28 30 33 16 18 21 23 26 12 13 15 17 18 24 27 30 34 36 0 0 0 0 0 18 20 23 26 29 23 26 29 32 35 12 13 15 16 18 18 20 23 25 27 21 24 27 30 34 
9 10 12 13 15 15 17 19 21 22 14 16 18 20 21 8 9 10 12 14 20 22 25 28 31 0 0 0 0 0 16 18 20 23 26 24 27 30 33 37 18 20 23 26 27 22 25 28 30 33 
13 15 17 19 22 10 11 13 15 16 24 27 30 33 37 12 13 15 17 18 16 18 20 22 25 8 9 11 13 14 0 0 0 0 0 15 17 19 20 22 12 13 15 17 20 14 16 18 19 23 
29 1426 5
16 18 20 22 26 11 12 14 15 16 22 25 28 31 35 22 25 28 31 34 11 12 14 16 18 21 24 27 30 32 21 24 27 29 33 20 22 25 27 32 13 15 17 19 22 0 0 0 0 0 
12 13 15 16 18 12 14 16 18 21 19 21 24 27 28 26 29 33 37 41 20 23 26 28 33 11 12 14 16 18 15 17 19 20 22 0 0 0 0 0 12 14 16 17 20 18 20 23 26 29 
24 27 30 34 37 18 20 23 26 28 20 23 26 28 33 16 18 21 24 25 0 0 0 0 0 22 25 28 31 33 8 9 11 12 13 12 14 16 17 19 8 9 11 13 15 17 19 22 24 27 
13 15 17 19 22 24 27 31 34 38 11 12 14 15 16 0 0 0 0 0 21 24 27 29 33 9 10 12 13 16 15 17 19 21 22 24 27 30 33 37 8 9 11 12 14 22 25 28 31 34 
24 27 31 35 37 15 17 19 20 22 13 15 17 19 21 24 27 31 35 39 20 23 26 29 31 0 0 0 0 0 24 27 30 34 38 17 19 22 24 27 16 18 20 23 25 17 19 22 24 27 
30 1746 9
11 12 14 16 17 22 25 28 31 34 27 30 34 38 42 25 28 32 36 39 24 27 30 33 38 27 30 34 37 41 0 0 0 0 0 11 12 14 15 18 8 9 10 11 13 19 21 24 27 30 
16 18 20 22 26 24 27 31 34 38 8 9 10 12 14 16 18 20 23 26 8 9 11 12 14 20 22 25 28 32 0 0 0 0 0 8 9 10 12 14 16 18 21 23 26 25 28 32 35 40 
0 0 0 0 0 19 21 24 26 30 12 13 15 16 18 10 11 13 14 16 8 9 10 11 12 20 22 25 28 30 10 11 13 15 15 25 28 32 35 40 11 12 14 16 17 16 18 20 23 25 
24 27 31 35 37 0 0 0 0 0 23 26 29 32 36 13 15 17 18 21 8 9 10 12 13 17 19 22 24 27 14 16 18 20 23 16 18 21 24 25 16 18 21 24 26 25 28 32 35 39 
18 20 23 26 29 13 15 17 18 21 24 27 30 34 37 25 28 32 36 39 19 21 24 27 28 24 27 31 35 38 24 27 30 34 36 10 11 13 14 15 24 27 30 34 37 0 0 0 0 0 
12 13 15 16 20 25 28 32 35 40 0 0 0 0 0 24 27 31 35 39 14 16 18 20 22 22 25 28 31 35 12 13 15 16 20 15 17 19 20 23 16 18 21 24 25 24 27 30 34 37 
0 0 0 0 0 12 14 16 17 19 16 18 21 23 26 15 17 19 20 24 20 23 26 29 32 20 22 25 27 31 10 11 13 15 15 19 21 24 26 30 15 17 19 21 22 24 27 31 34 38 
18 20 23 26 27 11 12 14 15 16 17 19 22 25 26 0 0 0 0 0 14 16 18 20 23 27 30 34 37 41 22 25 28 30 34 27 30 34 38 42 19 21 24 26 30 13 15 17 19 20 
26 29 33 36 41 24 27 31 35 38 16 18 21 23 26 14 16 18 20 21 25 28 32 35 39 20 22 25 27 30 12 13 15 16 20 16 18 20 22 24 0 0 0 0 0 8 9 10 11 13 
31 1374 9
24 27 30 34 38 10 11 13 15 15 17 19 22 25 26 13 15 17 19 20 0 0 0 0 0 16 18 20 23 25 24 27 31 35 37 18 20 23 26 27 18 20 23 26 29 18 20 23 25 28 
11 12 14 16 18 18 20 23 26 29 16 18 20 22 25 20 22 25 28 30 26 29 33 37 40 0 0 0 0 0 17 19 22 24 28 12 13 15 17 18 24 27 31 34 38 12 14 16 18 21 
0 0 0 0 0 15 17 19 21 23 27 30 34 37 41 17 19 22 25 28 15 17 19 21 23 14 16 18 20 23 24 27 30 34 37 27 30 34 37 41 12 13 15 17 18 22 25 28 31 33 
22 25 28 31 34 0 0 0 0 0 10 11 13 14 15 8 9 10 11 13 23 26 29 32 36 16 18 21 23 27 13 15 17 18 21 20 23 26 29 32 21 24 27 29 33 20 22 25 27 31 
15 17 19 20 23 20 23 26 29 33 8 9 10 11 12 22 25 28 30 34 26 29 33 36 39 20 23 26 28 31 27 30 34 38 41 23 26 29 32 36 23 26 29 32 34 0 0 0 0 0 
26 29 33 36 39 16 18 20 23 24 23 26 29 31 34 0 0 0 0 0 12 14 16 17 21 22 25 28 30 33 16 18 21 24 25 10 11 13 14 17 26 29 33 36 41 21 24 27 30 34 
27 30 34 38 40 11 12 14 15 17 18 20 23 26 27 26 29 33 37 40 20 23 26 28 31 12 13 15 17 19 25 28 32 36 38 0 0 0 0 0 17 19 22 25 28 16 18 20 22 25 
22 25 28 31 35 8 9 10 11 14 25 28 32 35 38 12 14 16 18 21 8 9 10 12 13 0 0 0 0 0 14 16 18 19 23 12 14 16 18 20 23 26 29 32 35 19 21 24 26 28 
0 0 0 0 0 13 15 17 18 22 8 9 11 13 13 12 14 16 18 21 14 16 18 20 23 21 24 27 29 32 21 24 27 30 34 22 25 28 31 34 24 27 31 35 37 15 17 19 21 22 
32 1295 7
0 0 0 0 0 8 9 11 12 14 25 28 32 36 39 25 28 32 36 39 17 19 22 24 28 10 11 13 14 15 11 12 14 16 16 11 12 14 15 17 20 22 25 28 32 17 19 22 24 26 
16 18 21 24 27 0 0 0 0 0 16 18 21 24 27 9 10 12 13 16 8 9 10 12 14 19 21 24 26 29 18 20 23 26 27 21 24 27 30 33 18 20 23 26 28 13 15 17 19 22 
10 11 13 14 17 0 0 0 0 0 24 27 30 34 36 8 9 11 12 13 23 26 29 31 35 20 23 26 28 31 24 27 31 34 39 15 17 19 21 22 10 11 13 15 15 9 10 12 14 16 
13 15 17 19 20 25 28 32 36 38 23 26 29 32 35 16 18 20 22 25 0 0 0 0 0 12 14 16 17 21 21 24 27 30 33 26 29 33 37 41 8 9 11 13 13 18 20 23 25 27 
8 9 11 13 13 27 30 34 37 42 19 21 24 26 29 18 20 23 25 28 17 19 22 24 26 0 0 0 0 0 25 28 32 35 39 8 9 10 12 14 21 24 27 29 32 17 19 22 24 28 
18 20 23 26 27 22 25 28 30 34 15 17 19 20 23 0 0 0 0 0 27 30 34 37 41 23 26 29 31 34 16 18 20 22 25 20 22 25 28 30 13 15 17 18 21 8 9 11 13 13 
23 26 29 32 34 12 14 16 17 21 18 20 23 26 28 15 17 19 21 24 24 27 30 33 36 13 15 17 19 20 0 0 0 0 0 14 16 18 20 23 23 26 29 31 36 13 15 17 19 20 
33 2110 6
13 15 17 19 22 0 0 0 0 0 19 21 24 27 29 23 26 29 32 34 23 26 29 32 35 8 9 11 13 14 23 26 29 31 34 20 22 25 28 32 8 9 10 11 14 16 18 20 22 25 
13 15 17 19 20 20 23 26 28 33 17 19 22 24 28 23 26 29 31 36 23 26 29 32 35 12 13 15 17 18 27 30 34 37 42 22 25 28 31 35 0 0 0 0 0 18 20 23 26 28 
0 0 0 0 0 8 9 11 13 13 20 23 26 28 32 26 29 33 37 39 20 22 25 28 32 9 10 12 14 14 18 20 23 25 27 12 14 16 17 21 25 28 32 35 39 27 30 34 38 41 
23 26 29 32 36 12 13 15 16 18 26 29 33 37 41 0 0 0 0 0 12 14 16 18 20 14 16 18 20 21 14 16 18 19 22 20 22 25 28 30 17 19 22 25 26 8 9 11 12 14 
0 0 0 0 0 13 15 17 18 21 16 18 21 23 27 15 17 19 21 22 13 15 17 18 21 20 23 26 29 33 9 10 12 14 15 20 22 25 28 30 25 28 32 36 38 25 28 32 36 39 
16 18 21 23 25 22 25 28 31 33 12 13 15 17 19 27 30 34 38 40 22 25 28 31 35 17 19 22 25 28 24 27 31 35 37 25 28 32 35 40 24 27 31 34 39 0 0 0 0 0 
34 1837 10
14 16 18 20 21 20 23 26 28 32 20 23 26 29 31 27 30 34 37 40 18 20 23 25 27 0 0 0 0 0 12 14 16 18 20 14 16 18 19 22 21 24 27 29 32 9 10 12 14 15 
16 18 21 24 26 24 27 30 34 37 24 27 31 34 38 10 11 13 14 17 14 16 18 20 21 20 23 26 28 32 11 12 14 16 17 15 17 19 21 23 20 23 26 29 31 0 0 0 0 0 
19 21 24 27 28 20 23 26 28 32 24 27 31 35 37 15 17 19 20 22 0 0 0 0 0 19 21 24 27 29 26 29 33 36 40 12 13 15 17 19 12 14 16 17 20 13 15 17 19 20 
22 25 28 30 35 13 15 17 18 20 9 10 12 13 15 0 0 0 0 0 20 22 25 27 30 16 18 21 23 26 24 27 31 35 39 16 18 20 23 25 12 13 15 16 19 16 18 20 22 26 
20 23 26 29 33 17 19 22 25 26 12 13 15 17 19 12 13 15 17 18 0 0 0 0 0 25 28 32 36 40 15 17 19 21 22 27 30 34 38 40 25 28 32 36 40 27 30 34 37 42 
25 28 32 35 40 15 17 19 21 23 24 27 31 34 38 12 13 15 17 19 8 9 10 12 12 12 13 15 17 19 19 21 24 26 30 0 0 0 0 0 21 24 27 30 33 27 30 34 37 40 
23 26 29 32 36 14 16 18 19 23 20 22 25 27 31 0 0 0 0 0 22 25 28 30 33 27 30 34 38 40 18 20 23 25 29 9 10 12 13 14 9 10 12 13 15 22 25 28 31 33 
24 27 30 33 36 11 12 14 15 17 24 27 30 34 36 11 12 14 15 17 16 18 21 23 27 11 12 14 16 18 12 13 15 16 20 24 27 30 33 37 0 0 0 0 0 17 19 22 24 27 
19 21 24 26 28 12 13 15 16 19 14 16 18 19 23 0 0 0 0 0 23 26 29 31 34 13 15 17 18 22 16 18 20 23 25 16 18 21 24 26 15 17 19 20 24 24 27 30 34 36 
0 0 0 0 0 19 21 24 27 28 14 16 18 19 23 15 17 19 20 23 24 27 30 34 37 8 9 10 11 13 20 23 26 28 31 13 15 17 18 20 22 25 28 30 34 12 13 15 16 20 
35 2506 9
17 19 22 24 27 27 30 34 37 42 0 0 0 0 0 24 27 31 35 39 12 13 15 17 20 21 24 27 29 34 9 10 12 13 15 8 9 10 12 12 24 27 31 34 37 20 23 26 28 33 
25 28 32 35 38 11 12 14 16 16 8 9 11 12 15 10 11 13 15 16 14 16 18 20 21 22 25 28 31 34 8 9 10 12 14 23 26 29 32 36 8 9 11 13 15 0 0 0 0 0 
15 17 19 21 22 20 23 26 29 31 20 23 26 28 32 0 0 0 0 0 17 19 22 25 28 14 16 18 20 23 22 25 28 30 34 8 9 11 12 13 19 21 24 26 29 12 14 16 18 19 
16 18 20 23 24 22 25 28 31 33 0 0 0 0 0 21 24 27 29 33 27 30 34 37 40 12 14 16 17 20 13 15 17 19 22 14 16 18 20 22 12 14 16 17 21 12 13 15 17 20 
26 29 33 37 40 14 16 18 19 23 20 23 26 29 31 12 14 16 18 21 20 23 26 28 33 0 0 0 0 0 14 16 18 20 23 16 18 21 23 27 16 18 20 22 25 9 10 12 13 14 
22 25 28 31 34 25 28 32 35 38 0 0 0 0 0 8 9 11 12 13 24 27 31 35 38 10 11 13 14 15 17 19 22 24 27 17 19 22 25 28 24 27 30 33 36 13 15 17 18 21 
23 26 29 32 35 27 30 34 37 40 18 20 23 26 28 12 13 15 16 19 11 12 14 15 18 11 12 14 15 18 25 28 32 36 40 16 18 21 24 25 0 0 0 0 0 18 20 23 25 28 
10 11 13 15 17 22 25 28 31 35 15 17 19 21 23 21 24 27 29 33 24 27 31 34 39 19 21 24 26 29 20 23 26 29 32 0 0 0 0 0 13 15 17 18 21 19 21 24 26 28 
0 0 0 0 0 23 26 29 32 34 18 20 23 26 28 13 15 17 19 22 24 27 30 34 36 12 13 15 17 18 22 25 28 30 34 13 15 17 19 21 20 23 26 28 31 12 14 16 17 19 
36 2863 7
0 0 0 0 0 15 17 19 21 22 16 18 20 22 24 19 21 24 26 30 8 9 10 11 14 14 16 18 19 22 20 22 25 28 31 14 16 18 19 21 12 14 16 17 20 20 23 26 29 32 
27 30 34 38 41 26 29 33 37 41 8 9 11 13 14 15 17 19 20 22 12 13 15 17 19 23 26 29 31 36 0 0 0 0 0 10 11 13 15 16 19 21 24 26 28 25 28 32 36 40 
14 16 18 20 23 16 18 20 23 26 12 14 16 17 21 13 15 17 19 22 24 27 31 35 37 20 22 25 28 32 17 19 22 25 28 21 24 27 30 32 16 18 20 23 24 0 0 0 0 0 
23 26 29 32 36 19 21 24 27 29 17 19 22 24 27 8 9 11 12 14 12 14 16 17 20 27 30 34 38 41 12 14 16 17 19 0 0 0 0 0 24 27 30 34 37 16 18 21 24 26 
12 13 15 16 20 21 24 27 30 33 14 16 18 19 22 11 12 14 15 17 12 14 16 18 21 21 24 27 30 34 16 18 20 22 25 12 14 16 18 20 27 30 34 37 42 0 0 0 0 0 
18 20 23 25 27 22 25 28 31 35 24 27 30 33 37 13 15 17 18 21 17 19 22 25 26 11 12 14 16 16 9 10 12 14 15 0 0 0 0 0 21 24 27 29 34 14 16 18 20 21 
20 22 25 28 30 26 29 33 37 41 0 0 0 0 0 15 17 19 21 22 8 9 10 11 12 23 26 29 31 35 18 20 23 26 29 26 29 33 36 39 12 13 15 17 19 26 29 33 36 39 
37 2858 5
24 27 30 34 38 25 28 32 35 40 24 27 31 34 38 23 26 29 32 34 27 30 34 37 42 19 21 24 27 30 10 11 13 14 17 0 0 0 0 0 24 27 31 35 39 26 29 33 36 40 
0 0 0 0 0 21 24 27 30 34 8 9 11 12 13 23 26 29 32 35 10 11 13 15 17 19 21 24 27 29 20 23 26 28 31 9 10 12 14 15 8 9 11 13 13 12 14 16 17 19 
26 29 33 37 41 26 29 33 36 41 26 29 33 37 39 14 16 18 20 21 9 10 12 14 14 9 10 12 13 15 11 12 14 15 18 8 9 11 12 13 0 0 0 0 0 8 9 10 12 12 
21 24 27 29 34 16 18 21 23 26 21 24 27 30 32 15 17 19 20 24 22 25 28 30 33 22 25 28 30 34 8 9 10 12 12 16 18 20 23 26 21 24 27 29 32 0 0 0 0 0 
0 0 0 0 0 8 9 11 12 15 22 25 28 31 33 21 24 27 30 34 21 24 27 29 34 24 27 30 34 37 24 27 30 34 36 13 15 17 18 22 11 12 14 15 18 22 25 28 30 35 
38 2764 7
10 11 13 14 17 10 11 13 15 15 16 18 21 23 26 11 12 14 15 16 27 30 34 38 40 0 0 0 0 0 16 18 21 24 25 11 12 14 15 16 21 24 27 29 33 27 30 34 38 40 
25 28 32 36 39 20 22 25 28 31 22 25 28 31 34 0 0 0 0 0 8 9 11 13 15 18 20 23 26 28 19 21 24 26 30 24 27 30 34 38 16 18 21 23 25 24 27 31 34 37 
23 26 29 32 35 14 16 18 19 22 23 26 29 32 34 0 0 0 0 0 16 18 20 23 26 24 27 31 35 39 25 28 32 35 38 24 27 31 35 37 26 29 33 37 41 18 20 23 26 27 
23 26 29 32 36 24 27 30 33 36 26 29 33 36 40 9 10 12 13 16 22 25 28 30 35 0 0 0 0 0 24 27 31 35 39 9 10 12 13 16 24 27 30 33 37 19 21 24 26 30 
0 0 0 0 0 24 27 31 34 38 19 21 24 27 29 15 17 19 20 24 22 25 28 30 35 20 23 26 28 31 10 11 13 15 17 8 9 10 11 12 12 14 16 18 20 25 28 32 35 40 
26 29 33 36 41 8 9 10 11 14 20 23 26 29 33 0 0 0 0 0 20 23 26 28 31 23 26 29 32 36 20 23 26 28 33 21 24 27 29 32 14 16 18 20 22 8 9 11 12 14 
8 9 10 11 12 19 21 24 26 29 23 26 29 31 36 11 12 14 16 18 8 9 10 12 12 24 27 30 34 36 24 27 31 35 37 9 10 12 13 16 9 10 12 14 15 0 0 0 0 0 
39 2897 8
8 9 10 12 13 10 11 13 14 15 27 30 34 38 40 18 20 23 25 28 0 0 0 0 0 19 21 24 27 30 19 21 24 27 30 8 9 11 13 14 15 17 19 20 24 20 23 26 29 32 
21 24 27 30 32 13 15 17 18 20 15 17 19 21 24 24 27 30 34 36 14 16 18 19 23 20 22 25 28 30 24 27 30 33 38 21 24 27 29 34 20 22 25 27 30 0 0 0 0 0 
15 17 19 20 22 11 12 14 15 16 11 12 14 16 18 12 14 16 18 20 12 13 15 16 19 11 12 14 16 16 0 0 0 0 0 9 10 12 14 14 18 20 23 26 27 12 14 16 18 20 
25 28 32 36 38 26 29 33 37 39 23 26 29 31 36 20 22 25 28 30 22 25 28 30 35 25 28 32 36 40 24 27 30 34 36 0 0 0 0 0 13 15 17 18 20 8 9 11 12 13 
17 19 22 24 26 12 13 15 16 20 0 0 0 0 0 22 25 28 31 33 13 15 17 19 22 12 13 15 16 20 12 13 15 16 20 27 30 34 38 41 8 9 10 12 14 22 25 28 31 35 
19 21 24 27 30 12 13 15 17 20 22 25 28 30 33 21 24 27 30 32 20 23 26 28 33 21 24 27 30 32 0 0 0 0 0 13 15 17 18 22 23 26 29 31 36 17 19 22 25 27 
21 24 27 29 34 12 13 15 17 18 8 9 10 11 13 20 23 26 29 31 23 26 29 31 34 18 20 23 25 27 0 0 0 0 0 8 9 10 12 14 9 10 12 14 15 27 30 34 38 40 
15 17 19 20 22 20 23 26 28 31 20 22 25 28 31 14 16 18 20 23 20 22 25 28 31 27 30 34 38 41 0 0 0 0 0 13 15 17 19 20 24 27 30 34 38 16 18 20 23 26 
40 2838 8
12 13 15 16 18 0 0 0 0 0 15 17 19 20 23 19 21 24 27 28 17 19 22 25 26 16 18 20 22 26 8 9 10 11 12 16 18 20 22 24 16 18 20 23 24 24 27 31 34 38 
13 15 17 18 21 0 0 0 0 0 15 17 19 20 22 12 14 16 18 21 8 9 11 12 14 27 30 34 38 40 14 16 18 20 22 20 23 26 28 32 11 12 14 16 17 13 15 17 18 21 
0 0 0 0 0 20 22 25 28 30 11 12 14 15 18 8 9 10 11 13 14 16 18 19 22 18 20 23 25 27 14 16 18 20 22 24 27 30 33 36 12 13 15 16 19 19 21 24 26 29 
24 27 30 34 37 20 23 26 28 33 22 25 28 31 34 22 25 28 30 33 23 26 29 31 34 20 23 26 29 32 10 11 13 14 15 0 0 0 0 0 26 29 33 37 40 8 9 10 11 12 
27 30 34 38 41 23 26 29 31 35 8 9 10 11 14 8 9 11 13 15 15 17 19 20 23 16 18 21 23 27 0 0 0 0 0 18 20 23 26 29 22 25 28 30 35 22 25 28 31 33 
0 0 0 0 0 19 21 24 26 29 24 27 30 33 37 13 15 17 18 20 23 26 29 31 35 9 10 12 13 16 27 30 34 37 40 22 25 28 31 33 11 12 14 16 18 12 13 15 17 20 
9 10 12 13 15 26 29 33 37 39 18 20 23 25 27 16 18 20 22 25 24 27 30 34 36 13 15 17 18 22 23 26 29 31 35 15 17 19 20 23 0 0 0 0 0 20 23 26 28 33 
14 16 18 20 23 0 0 0 0 0 20 22 25 28 30 13 15 17 19 21 14 16 18 20 23 20 22 25 27 30 24 27 31 34 37 13 15 17 18 20 21 24 27 29 34 20 22 25 28 32 
41 1167 10
0 0 0 0 0 12 13 15 17 20 15 17 19 21 23 24 27 30 33 36 19 21 24 27 30 11 12 14 16 18 18 20 23 26 29 22 25 28 30 33 16 18 21 24 26 19 21 24 27 29 
22 25 28 30 34 9 10 12 14 16 8 9 10 11 13 13 15 17 18 21 12 14 16 17 21 21 24 27 30 34 9 10 12 13 15 20 22 25 27 32 19 21 24 27 28 0 0 0 0 0 
8 9 11 13 14 25 28 32 35 38 0 0 0 0 0 20 23 26 28 32 12 13 15 16 19 22 25 28 31 33 9 10 12 14 14 12 13 15 16 20 17 19 22 25 27 26 29 33 36 39 
18 20 23 26 28 21 24 27 29 34 15 17 19 21 23 12 14 16 17 19 0 0 0 0 0 12 14 16 18 21 16 18 20 22 24 23 26 29 32 35 20 23 26 29 33 9 10 12 13 16 
0 0 0 0 0 14 16 18 20 23 24 27 30 34 38 20 23 26 28 31 13 15 17 19 20 13 15 17 18 22 13 15 17 18 21 8 9 11 12 15 18 20 23 25 27 27 30 34 38 41 
25 28 32 36 40 0 0 0 0 0 25 28 32 36 38 22 25 28 31 34 26 29 33 37 40 16 18 20 23 25 13 15 17 18 21 8 9 11 13 13 24 27 31 35 37 26 29 33 36 39 
24 27 30 33 38 11 12 14 15 16 13 15 17 19 22 9 10 12 13 14 19 21 24 27 28 8 9 10 12 12 19 21 24 27 29 20 23 26 28 31 0 0 0 0 0 16 18 21 24 26 
0 0 0 0 0 10 11 13 15 15 8 9 10 11 14 16 18 20 23 26 21 24 27 30 33 13 15 17 18 22 12 13 15 16 18 9 10 12 13 15 14 16 18 19 23 16 18 20 22 25 
8 9 11 13 14 10 11 13 14 15 19 21 24 26 30 20 23 26 29 32 25 28 32 36 38 8 9 10 12 13 9 10 12 13 15 0 0 0 0 0 19 21 24 27 28 27 30 34 38 40 
10 11 13 14 17 11 12 14 15 18 12 14 16 18 19 27 30 34 38 41 9 10 12 13 16 0 0 0 0 0 15 17 19 20 24 17 19 22 24 28 10 11 13 14 16 14 16 18 20 21 
42 1983 5
17 19 22 25 28 20 22 25 27 30 22 25 28 30 33 16 18 20 23 24 9 10 12 13 15 0 0 0 0 0 27 30 34 38 42 19 21 24 27 30 22 25 28 30 33 27 30 34 37 40 
11 12 14 16 16 12 13 15 17 18 0 0 0 0 0 10 11 13 14 15 21 24 27 30 32 22 25 28 31 33 24 27 31 35 37 14 16 18 19 21 19 21 24 26 28 12 13 15 17 19 
13 15 17 19 22 11 12 14 16 17 20 23 26 29 33 20 22 25 28 31 13 15 17 19 21 8 9 11 12 13 25 28 32 36 39 18 20 23 26 27 0 0 0 0 0 27 30 34 37 40 
15 17 19 21 23 8 9 10 12 14 25 28 32 36 38 12 14 16 17 19 11 12 14 15 17 25 28 32 36 39 0 0 0 0 0 15 17 19 20 24 15 17 19 20 23 17 19 22 25 28 
20 23 26 28 31 0 0 0 0 0 16 18 20 22 25 27 30 34 37 41 12 13 15 16 19 24 27 30 33 38 26 29 33 37 41 27 30 34 37 41 9 10 12 14 14 12 13 15 17 18 
43 2777 8
20 22 25 27 31 20 23 26 28 32 24 27 30 34 38 0 0 0 0 0 27 30 34 38 40 21 24 27 29 32 13 15 17 19 20 15 17 19 21 24 20 23 26 28 33 22 25 28 31 35 
13 15 17 19 20 0 0 0 0 0 11 12 14 15 16 24 27 30 34 36 20 23 26 29 31 12 14 16 18 21 18 20 23 26 29 14 16 18 20 22 12 14 16 18 19 14 16 18 19 22 
25 28 32 36 38 18 20 23 25 28 0 0 0 0 0 25 28 32 35 40 16 18 21 24 25 21 24 27 29 33 27 30 34 38 41 27 30 34 37 41 25 28 32 36 38 12 13 15 17 20 
20 22 25 28 32 22 25 28 31 34 12 13 15 17 20 14 16 18 19 21 12 14 16 17 20 26 29 33 36 40 14 16 18 19 21 27 30 34 38 40 0 0 0 0 0 24 27 31 35 39 
21 24 27 30 32 22 25 28 30 34 27 30 34 37 40 11 12 14 16 18 0 0 0 0 0 27 30 34 38 41 16 18 21 23 27 18 20 23 25 29 12 13 15 17 18 8 9 11 12 15 
14 16 18 19 22 14 16 18 20 21 21 24 27 30 34 16 18 21 23 27 22 25 28 30 35 22 25 28 30 34 20 22 25 27 32 23 26 29 32 35 0 0 0 0 0 22 25 28 30 35 
19 21 24 26 30 14 16 18 19 22 9 10 12 13 16 16 18 21 24 26 10 11 13 15 17 8 9 10 11 12 13 15 17 18 21 0 0 0 0 0 26 29 33 36 40 16 18 20 23 24 
0 0 0 0 0 18 20 23 25 29 16 18 21 23 27 12 13 15 16 20 15 17 19 21 22 23 26 29 31 36 14 16 18 20 21 13 15 17 19 22 14 16 18 19 23 24 27 31 35 37 
44 2175 5
0 0 0 0 0 19 21 24 27 30 12 13 15 16 18 10 11 13 14 16 17 19 22 25 27 18 20 23 26 27 8 9 10 11 13 18 20 23 26 29 8 9 10 11 12 8 9 10 12 13 
16 18 21 23 26 17 19 22 24 26 0 0 0 0 0 14 16 18 20 23 23 26 29 31 35 27 30 34 38 40 17 19 22 24 26 11 12 14 15 18 11 12 14 15 17 23 26 29 31 35 
12 13 15 16 18 19 21 24 26 30 26 29 33 37 40 21 24 27 29 34 0 0 0 0 0 24 27 30 34 38 20 23 26 28 33 9 10 12 14 16 10 11 13 15 17 27 30 34 38 41 
19 21 24 27 29 0 0 0 0 0 23 26 29 31 36 12 14 16 17 21 16 18 21 23 26 13 15 17 19 21 16 18 20 23 24 12 13 15 16 20 27 30 34 37 40 11 12 14 15 16 
17 19 22 24 26 10 11 13 14 17 18 20 23 25 27 24 27 30 33 37 22 25 28 30 34 19 21 24 27 29 13 15 17 19 20 0 0 0 0 0 18 20 23 26 27 26 29 33 37 40 
45 2153 10
9 10 12 14 15 0 0 0 0 0 20 22 25 28 32 10 11 13 14 16 16 18 20 22 26 26 29 33 36 39 11 12 14 15 16 9 10 12 14 16 14 16 18 19 22 16 18 21 24 26 
9 10 12 13 16 13 15 17 19 21 26 29 33 37 39 14 16 18 19 22 20 22 25 28 30 24 27 30 33 36 25 28 32 35 38 19 21 24 26 30 0 0 0 0 0 10 11 13 15 15 
8 9 11 13 13 15 17 19 20 22 15 17 19 21 22 12 14 16 18 19 14 16 18 19 23 8 9 10 12 14 19 21 24 26 30 18 20 23 25 29 20 23 26 28 31 0 0 0 0 0 
20 22 25 27 32 8 9 10 11 12 9 10 12 13 16 8 9 10 11 13 0 0 0 0 0 14 16 18 19 22 24 27 30 34 38 16 18 20 23 24 17 19 22 24 28 8 9 10 12 14 
22 25 28 30 33 13 15 17 19 22 0 0 0 0 0 12 13 15 16 18 8 9 11 13 13 16 18 20 23 26 24 27 31 34 37 12 13 15 17 20 19 21 24 27 29 22 25 28 30 33 
8 9 11 13 15 26 29 33 36 39 24 27 31 34 37 0 0 0 0 0 24 27 30 33 38 24 27 31 34 38 24 27 31 35 38 16 18 20 22 25 8 9 10 11 14 25 28 32 36 39 
16 18 21 23 25 0 0 0 0 0 12 13 15 17 19 20 22 25 28 30 8 9 10 11 13 16 18 20 22 26 16 18 20 22 24 19 21 24 26 28 20 23 26 29 31 24 27 30 33 36 
0 0 0 0 0 8 9 10 12 13 12 13 15 17 19 24 27 31 35 39 15 17 19 21 23 14 16 18 19 23 20 22 25 28 30 19 21 24 26 30 12 14 16 18 21 20 22 25 28 31 
20 23 26 29 33 0 0 0 0 0 11 12 14 15 16 10 11 13 15 17 8 9 10 11 12 24 27 30 34 36 21 24 27 29 34 12 14 16 17 20 15 17 19 20 22 24 27 30 34 36 
16 18 21 23 27 22 25 28 30 35 24 27 30 33 37 21 24 27 30 33 0 0 0 0 0 20 23 26 29 32 22 25 28 30 33 12 13 15 17 19 10 11 13 14 17 14 16 18 19 21 
46 2331 5
11 12 14 15 18 26 29 33 37 40 23 26 29 32 35 0 0 0 0 0 26 29 33 36 39 16 18 21 23 27 8 9 11 12 14 24 27 30 34 37 25 28 32 35 38 27 30 34 38 40 
15 17 19 21 22 17 19 22 25 26 26 29 33 36 41 0 0 0 0 0 16 18 21 24 25 19 21 24 27 30 26 29 33 37 39 10 11 13 14 17 12 13 15 16 19 11 12 14 16 16 
24 27 30 33 36 26 29 33 36 41 10 11 13 15 16 10 11 13 14 15 0 0 0 0 0 26 29 33 36 39 8 9 11 13 14 24 27 31 35 38 21 24 27 29 32 27 30 34 38 42 
26 29 33 36 41 23 26 29 32 34 23 26 29 32 36 26 29 33 36 39 0 0 0 0 0 24 27 31 35 37 8 9 10 11 12 22 25 28 31 33 20 22 25 28 32 26 29 33 37 41 
12 14 16 17 19 17 19 22 24 27 22 25 28 30 34 0 0 0 0 0 18 20 23 26 28 24 27 30 33 36 24 27 30 34 37 9 10 12 13 16 23 26 29 31 36 23 26 29 31 35 
47 1820 5
23 26 29 31 36 20 23 26 29 31 8 9 11 12 13 16 18 20 23 26 8 9 10 11 12 8 9 10 12 13 19 21 24 26 29 20 22 25 28 32 0 0 0 0 0 13 15 17 19 21 
0 0 0 0 0 20 23 26 29 32 25 28 32 35 39 19 21 24 27 29 22 25 28 30 33 20 23 26 28 33 23 26 29 32 35 27 30 34 38 42 18 20 23 25 27 27 30 34 38 42 
23 26 29 32 35 0 0 0 0 0 27 30 34 38 41 20 23 26 29 31 12 14 16 18 20 9 10 12 14 15 20 22 25 27 31 25 28 32 36 39 25 28 32 36 40 11 12 14 15 16 
18 20 23 26 27 16 18 20 22 26 10 11 13 14 15 15 17 19 20 23 16 18 20 23 26 25 28 32 35 39 23 26 29 31 34 0 0 0 0 0 16 18 20 23 24 8 9 10 11 12 
9 10 12 14 16 18 20 23 26 27 12 14 16 17 20 13 15 17 18 20 21 24 27 29 33 24 27 30 33 37 24 27 31 35 38 24 27 30 33 37 20 23 26 29 32 0 0 0 0 0 
48 1226 8
17 19 22 25 28 12 14 16 18 20 26 29 33 37 40 22 25 28 30 34 9 10 12 14 14 8 9 10 12 13 24 27 30 33 37 0 0 0 0 0 8 9 11 12 13 19 21 24 27 28 
10 11 13 14 15 11 12 14 15 17 22 25 28 31 34 22 25 28 31 33 26 29 33 37 39 8 9 10 12 13 8 9 11 13 14 25 28 32 35 40 0 0 0 0 0 20 23 26 28 33 
24 27 30 34 38 26 29 33 36 39 13 15 17 19 22 17 19 22 25 27 0 0 0 0 0 16 18 20 22 25 8 9 11 12 13 24 27 31 34 37 26 29 33 37 39 8 9 11 12 14 
22 25 28 31 33 12 13 15 16 18 24 27 30 34 38 18 20 23 26 27 24 27 30 33 38 9 10 12 13 14 9 10 12 14 15 26 29 33 37 39 0 0 0 0 0 11 12 14 16 18 
26 29 33 37 39 8 9 10 11 14 12 13 15 16 18 22 25 28 31 34 0 0 0 0 0 10 11 13 15 17 17 19 22 25 28 20 23 26 29 32 16 18 20 23 24 20 23 26 28 32 
17 19 22 25 26 23 26 29 31 34 21 24 27 29 32 26 29 33 36 39 17 19 22 25 27 24 27 30 33 37 21 24 27 30 33 23 26 29 32 36 0 0 0 0 0 20 23 26 29 33 
26 29 33 36 41 25 28 32 35 39 18 20 23 26 29 19 21 24 27 28 24 27 30 33 38 15 17 19 20 24 10 11 13 15 16 21 24 27 29 32 20 22 25 27 30 0 0 0 0 0 
0 0 0 0 0 22 25 28 31 34 14 16 18 20 23 24 27 30 33 38 26 29 33 36 40 20 23 26 28 32 8 9 10 11 14 14 16 18 19 23 16 18 21 24 27 20 23 26 28 31 
49 1771 9
0 0 0 0 0 18 20 23 26 27 8 9 11 12 14 12 14 16 18 20 21 24 27 30 33 12 14 16 18 21 25 28 32 35 40 16 18 21 24 25 26 29 33 36 39 15 17 19 20 23 
17 19 22 24 28 16 18 21 24 25 0 0 0 0 0 21 24 27 29 32 20 22 25 27 31 14 16 18 20 22 16 18 20 22 24 16 18 20 23 24 12 14 16 17 19 8 9 10 12 13 
20 22 25 27 32 24 27 31 34 38 8 9 11 12 13 24 27 30 34 38 16 18 21 24 26 0 0 0 0 0 27 30 34 37 42 12 13 15 16 18 17 19 22 24 27 24 27 31 35 38 
22 25 28 30 35 0 0 0 0 0 20 22 25 28 30 12 13 15 17 20 18 20 23 25 29 20 22 25 28 30 14 16 18 19 22 13 15 17 19 22 15 17 19 21 22 20 23 26 28 33 
8 9 10 12 12 21 24 27 30 33 27 30 34 37 42 12 14 16 18 19 19 21 24 27 28 12 13 15 16 20 11 12 14 15 18 0 0 0 0 0 13 15 17 18 20 8 9 11 12 14 
24 27 30 33 37 22 25 28 30 33 24 27 31 34 39 0 0 0 0 0 22 25 28 30 35 26 29 33 36 41 10 11 13 14 17 24 27 30 34 36 8 9 10 12 12 25 28 32 36 38 
14 16 18 19 23 20 23 26 29 31 23 26 29 31 36 9 10 12 13 15 20 23 26 29 33 18 20 23 26 28 9 10 12 14 15 9 10 12 13 14 0 0 0 0 0 21 24 27 29 33 
0 0 0 0 0 14 16 18 19 21 26 29 33 36 39 10 11 13 14 15 14 16 18 19 23 16 18 20 22 25 22 25 28 31 35 14 16 18 20 23 24 27 30 33 38 16 18 21 23 27 
26 29 33 37 39 24 27 30 33 36 12 13 15 16 18 19 21 24 27 30 16 18 20 23 26 8 9 11 13 14 0 0 0 0 0 21 24 27 29 32 9 10 12 14 14 16 18 20 23 25 
0 1236 198 44 65 
1 1487 177 100 97 
2 1499 180 91 52 
3 1457 75 155 98 
4 1127 88 62 85 
5 1276 182 50 107 
6 1324 150 165 15 
7 1152 26 146 45 
8 1045 25 36 106 
9 1065 210 67 91 
17 50 8000 20000 0.52 0.78 30 5000 750 12500 0.43 0.49 900 10000 9746 5493 21 2.062
