20 8
0 1464 6
12 14 16 17 21 26 29 33 36 39 8 9 10 12 14 12 13 15 16 20 8 9 11 12 14 17 19 22 24 27 0 0 0 0 0 10 11 13 14 15 
21 24 27 29 34 20 23 26 29 32 24 27 30 33 37 18 20 23 25 28 24 27 31 34 37 0 0 0 0 0 13 15 17 19 20 22 25 28 31 33 
16 18 20 23 24 26 29 33 37 39 17 19 22 24 28 16 18 20 23 25 0 0 0 0 0 9 10 12 14 14 21 24 27 30 32 11 12 14 16 18 
24 27 31 35 38 23 26 29 31 35 0 0 0 0 0 9 10 12 13 14 8 9 11 13 15 20 22 25 27 30 19 21 24 26 28 13 15 17 18 20 
20 23 26 29 32 8 9 10 11 14 16 18 21 24 25 21 24 27 29 34 20 23 26 28 33 0 0 0 0 0 12 14 16 18 20 8 9 10 12 13 
27 30 34 38 41 0 0 0 0 0 18 20 23 26 29 20 22 25 27 32 12 14 16 17 19 17 19 22 24 26 24 27 31 35 37 16 18 20 22 24 
1 2970 7
18 20 23 26 29 14 16 18 20 22 19 21 24 26 29 0 0 0 0 0 15 17 19 20 23 12 13 15 16 19 24 27 30 34 37 11 12 14 16 17 
26 29 33 36 40 0 0 0 0 0 17 19 22 25 27 10 11 13 15 17 9 10 12 14 14 24 27 30 34 36 24 27 30 33 38 24 27 31 35 39 
24 27 31 35 37 24 27 31 35 37 23 26 29 32 35 20 22 25 28 30 9 10 12 14 15 0 0 0 0 0 13 15 17 19 22 13 15 17 19 22 
0 0 0 0 0 14 16 18 19 21 24 27 31 35 38 16 18 21 23 25 12 14 16 17 21 27 30 34 37 42 27 30 34 38 41 27 30 34 38 41 
24 27 30 33 38 21 24 27 30 33 17 19 22 25 27 14 16 18 20 23 14 16 18 19 22 16 18 21 23 25 12 14 16 17 19 0 0 0 0 0 
22 25 28 31 34 20 23 26 28 33 8 9 11 13 15 24 27 30 34 37 22 25 28 30 33 18 20 23 25 27 12 14 16 17 21 0 0 0 0 0 
14 16 18 19 23 23 26 29 32 35 19 21 24 27 30 25 28 32 36 38 0 0 0 0 0 19 21 24 26 29 17 19 22 24 28 9 10 12 14 15 
2 2436 7
13 15 17 19 20 20 22 25 27 31 17 19 22 24 27 11 12 14 15 17 8 9 11 12 15 18 20 23 25 28 24 27 31 35 39 0 0 0 0 0 
0 0 0 0 0 16 18 20 22 26 27 30 34 37 41 24 27 31 35 38 23 26 29 32 36 21 24 27 30 33 15 17 19 21 24 20 23 26 28 33 
14 16 18 19 23 20 23 26 29 33 0 0 0 0 0 25 28 32 36 40 10 11 13 14 15 8 9 11 12 15 27 30 34 37 41 19 21 24 27 28 
14 16 18 20 23 15 17 19 21 24 8 9 11 13 15 0 0 0 0 0 10 11 13 14 15 11 12 14 15 17 8 9 11 12 15 25 28 32 36 38 
24 27 30 33 37 19 21 24 27 30 20 23 26 28 33 0 0 0 0 0 11 12 14 15 18 24 27 30 33 37 12 14 16 18 19 14 16 18 19 22 
21 24 27 29 34 20 23 26 29 32 10 11 13 14 17 16 18 20 22 24 0 0 0 0 0 27 30 34 38 42 21 24 27 30 32 11 12 14 16 18 
22 25 28 31 34 16 18 20 22 24 12 13 15 16 20 12 13 15 16 20 20 22 25 27 30 0 0 0 0 0 8 9 11 13 13 23 26 29 32 35 
3 2064 8
27 30 34 38 41 13 15 17 18 20 18 20 23 25 29 0 0 0 0 0 14 16 18 20 22 23 26 29 32 36 24 27 30 34 36 10 11 13 14 16 
21 24 27 29 33 27 30 34 37 41 17 19 22 24 28 14 16 18 20 22 20 22 25 27 31 24 27 31 34 37 22 25 28 31 34 0 0 0 0 0 
18 20 23 25 27 20 22 25 28 30 24 27 30 33 37 17 19 22 25 26 12 13 15 16 18 19 21 24 26 29 0 0 0 0 0 21 24 27 30 32 
27 30 34 38 40 23 26 29 31 36 22 25 28 31 33 8 9 10 12 13 23 26 29 32 35 20 22 25 28 30 0 0 0 0 0 10 11 13 15 16 
25 28 32 35 39 9 10 12 14 16 22 25 28 30 35 11 12 14 15 17 16 18 21 24 27 8 9 10 12 13 0 0 0 0 0 20 23 26 29 33 
24 27 31 34 38 0 0 0 0 0 11 12 14 16 18 16 18 21 23 25 16 18 20 22 26 22 25 28 31 34 14 16 18 20 23 9 10 12 14 15 
26 29 33 37 41 0 0 0 0 0 22 25 28 31 33 16 18 21 23 27 8 9 11 13 13 24 27 31 35 38 15 17 19 21 22 20 23 26 29 33 
16 18 20 23 26 26 29 33 36 40 24 27 30 33 36 12 14 16 18 19 14 16 18 19 22 8 9 10 12 13 26 29 33 37 40 0 0 0 0 0 
4 1341 4
14 16 18 20 22 8 9 10 11 14 11 12 14 15 16 18 20 23 26 28 9 10 12 13 14 0 0 0 0 0 23 26 29 32 35 17 19 22 24 27 
17 19 22 25 28 23 26 29 32 36 21 24 27 30 33 0 0 0 0 0 27 30 34 38 42 8 9 11 13 15 15 17 19 21 23 8 9 10 11 13 
24 27 30 33 38 14 16 18 19 22 18 20 23 25 27 8 9 11 13 14 0 0 0 0 0 27 30 34 38 40 9 10 12 14 16 19 21 24 26 30 
14 16 18 19 22 14 16 18 20 21 21 24 27 29 33 27 30 34 37 42 0 0 0 0 0 19 21 24 26 28 20 22 25 27 30 20 22 25 27 32 
5 2366 7
27 30 34 38 42 9 10 12 13 16 18 20 23 25 28 8 9 10 12 13 25 28 32 36 38 0 0 0 0 0 8 9 10 11 14 16 18 20 22 26 
13 15 17 18 22 27 30 34 38 40 12 13 15 16 20 0 0 0 0 0 24 27 30 34 36 27 30 34 38 42 8 9 11 12 14 17 19 22 24 27 
0 0 0 0 0 11 12 14 16 18 13 15 17 18 21 13 15 17 19 21 12 13 15 17 20 11 12 14 15 16 13 15 17 18 22 18 20 23 25 27 
22 25 28 31 33 0 0 0 0 0 12 14 16 17 20 21 24 27 29 33 21 24 27 29 32 22 25 28 31 34 12 13 15 16 18 22 25 28 31 33 
25 28 32 35 39 0 0 0 0 0 20 23 26 29 32 21 24 27 30 34 24 27 31 35 37 21 24 27 29 32 13 15 17 18 21 24 27 30 34 36 
8 9 11 12 13 14 16 18 19 21 18 20 23 25 27 23 26 29 32 35 0 0 0 0 0 9 10 12 14 16 19 21 24 26 29 18 20 23 26 28 
27 30 34 37 42 9 10 12 13 14 14 16 18 20 21 12 13 15 16 18 24 27 31 35 38 16 18 20 23 26 16 18 21 24 27 0 0 0 0 0 
6 2347 8
0 0 0 0 0 23 26 29 31 36 16 18 21 24 27 24 27 31 34 39 18 20 23 26 29 12 13 15 17 20 22 25 28 30 35 18 20 23 26 27 
10 11 13 15 17 26 29 33 36 40 9 10 12 14 15 12 14 16 17 21 18 20 23 25 29 20 23 26 28 31 21 24 27 30 33 0 0 0 0 0 
8 9 10 11 13 16 18 20 23 24 16 18 21 24 26 20 22 25 27 31 16 18 21 24 25 0 0 0 0 0 20 22 25 27 30 16 18 20 22 25 
14 16 18 20 22 23 26 29 31 35 16 18 21 24 26 15 17 19 20 23 9 10 12 14 14 12 14 16 17 21 20 23 26 28 33 0 0 0 0 0 
12 13 15 16 19 22 25 28 30 35 22 25 28 31 33 16 18 20 23 25 0 0 0 0 0 11 12 14 15 17 27 30 34 37 41 13 15 17 19 22 
24 27 30 34 38 27 30 34 37 41 0 0 0 0 0 23 26 29 32 34 12 14 16 18 21 26 29 33 37 41 13 15 17 19 20 8 9 10 12 14 
9 10 12 14 15 20 23 26 28 32 8 9 11 12 15 0 0 0 0 0 20 22 25 28 31 10 11 13 14 17 26 29 33 36 41 16 18 21 24 25 
0 0 0 0 0 11 12 14 16 17 11 12 14 16 16 8 9 11 12 15 19 21 24 26 28 17 19 22 24 28 15 17 19 20 24 20 23 26 28 32 
7 2193 8
0 0 0 0 0 13 15 17 18 20 14 16 18 20 23 13 15 17 19 21 14 16 18 20 21 8 9 11 12 14 25 28 32 35 40 10 11 13 14 17 
10 11 13 14 17 9 10 12 14 15 13 15 17 19 22 27 30 34 37 40 18 20 23 26 27 0 0 0 0 0 12 14 16 18 19 10 11 13 15 17 
16 18 21 24 26 25 28 32 36 39 15 17 19 21 22 0 0 0 0 0 16 18 20 23 25 26 29 33 36 40 12 14 16 17 19 9 10 12 14 15 
23 26 29 32 36 24 27 31 35 39 0 0 0 0 0 16 18 20 22 25 8 9 10 12 13 26 29 33 37 40 26 29 33 37 40 8 9 10 11 14 
27 30 34 37 41 13 15 17 18 22 10 11 13 15 17 17 19 22 25 28 8 9 11 13 13 13 15 17 19 22 24 27 30 33 36 0 0 0 0 0 
20 22 25 28 30 10 11 13 15 17 10 11 13 14 17 24 27 30 34 36 21 24 27 30 34 20 22 25 28 31 0 0 0 0 0 23 26 29 31 34 
11 12 14 15 16 10 11 13 14 17 0 0 0 0 0 24 27 30 33 36 13 15 17 19 21 23 26 29 32 35 27 30 34 38 42 12 14 16 18 19 
27 30 34 37 42 13 15 17 19 20 0 0 0 0 0 13 15 17 19 22 19 21 24 27 29 11 12 14 16 16 16 18 21 24 25 11 12 14 16 16 
8 2032 4
27 30 34 38 42 0 0 0 0 0 11 12 14 16 17 22 25 28 31 33 8 9 11 13 13 8 9 10 12 12 24 27 30 33 36 13 15 17 19 20 
24 27 31 35 38 8 9 11 13 15 10 11 13 14 16 20 22 25 28 30 16 18 20 22 26 23 26 29 31 35 27 30 34 37 41 0 0 0 0 0 
23 26 29 32 36 16 18 21 24 25 0 0 0 0 0 21 24 27 30 34 20 23 26 29 32 11 12 14 15 16 9 10 12 13 16 16 18 21 23 25 
0 0 0 0 0 12 13 15 16 18 20 22 25 27 32 13 15 17 19 20 25 28 32 35 39 20 23 26 29 32 9 10 12 13 16 8 9 11 12 15 
9 2792 7
16 18 20 22 25 0 0 0 0 0 23 26 29 31 36 27 30 34 37 41 23 26 29 32 35 20 23 26 28 31 18 20 23 26 28 19 21 24 27 29 
26 29 33 36 39 21 24 27 30 32 10 11 13 15 16 12 14 16 17 21 18 20 23 26 29 25 28 32 35 40 8 9 11 13 15 0 0 0 0 0 
9 10 12 13 16 27 30 34 37 41 10 11 13 15 15 0 0 0 0 0 27 30 34 37 41 22 25 28 30 35 16 18 20 22 25 11 12 14 15 18 
20 23 26 28 33 25 28 32 36 38 0 0 0 0 0 9 10 12 14 15 8 9 11 13 15 24 27 31 34 38 27 30 34 38 41 8 9 11 13 14 
16 18 20 23 26 15 17 19 21 23 20 23 26 28 31 17 19 22 24 26 23 26 29 32 34 20 23 26 29 32 12 14 16 18 21 0 0 0 0 0 
20 23 26 29 31 24 27 30 33 36 10 11 13 15 17 20 23 26 28 31 11 12 14 15 16 21 24 27 29 34 0 0 0 0 0 21 24 27 30 34 
22 25 28 30 33 8 9 10 12 14 24 27 31 34 38 0 0 0 0 0 13 15 17 18 20 27 30 34 37 41 11 12 14 15 18 27 30 34 37 42 
10 1795 6
22 25 28 30 35 11 12 14 15 18 14 16 18 19 21 0 0 0 0 0 9 10 12 13 15 11 12 14 15 17 19 21 24 26 30 24 27 30 33 36 
15 17 19 21 22 13 15 17 18 22 21 24 27 30 33 0 0 0 0 0 19 21 24 26 30 27 30 34 37 42 20 22 25 27 32 8 9 10 11 14 
8 9 11 13 14 8 9 10 11 13 23 26 29 32 36 16 18 21 24 27 11 12 14 16 17 8 9 11 13 15 0 0 0 0 0 27 30 34 37 40 
0 0 0 0 0 8 9 11 13 15 27 30 34 37 40 23 26 29 31 35 16 18 21 24 26 24 27 31 34 38 8 9 10 12 12 15 17 19 20 24 
0 0 0 0 0 12 13 15 17 18 20 23 26 28 33 10 11 13 14 15 24 27 31 35 39 12 14 16 18 19 26 29 33 36 41 19 21 24 26 30 
25 28 32 35 39 26 29 33 36 40 21 24 27 30 34 19 21 24 27 30 0 0 0 0 0 16 18 21 23 27 21 24 27 29 32 20 22 25 27 30 
11 1392 7
26 29 33 36 40 8 9 11 12 14 0 0 0 0 0 26 29 33 36 39 21 24 27 29 32 12 14 16 17 20 18 20 23 26 27 23 26 29 31 35 
23 26 29 31 35 25 28 32 36 40 15 17 19 21 24 0 0 0 0 0 20 23 26 29 33 8 9 11 13 15 27 30 34 37 40 10 11 13 15 15 
24 27 30 34 36 27 30 34 38 42 0 0 0 0 0 10 11 13 14 16 12 13 15 16 18 26 29 33 36 41 14 16 18 19 22 18 20 23 26 29 
17 19 22 24 27 12 13 15 16 18 13 15 17 19 20 27 30 34 38 40 20 23 26 28 33 17 19 22 24 27 12 13 15 16 19 0 0 0 0 0 
20 23 26 28 32 22 25 28 30 34 27 30 34 38 40 27 30 34 38 42 16 18 21 24 26 0 0 0 0 0 15 17 19 20 22 19 21 24 27 28 
10 11 13 15 16 0 0 0 0 0 12 14 16 18 20 21 24 27 30 32 24 27 31 34 37 13 15 17 18 21 24 27 31 35 39 20 22 25 27 31 
16 18 21 23 25 17 19 22 25 28 14 16 18 20 21 18 20 23 26 29 0 0 0 0 0 23 26 29 32 34 24 27 31 35 39 24 27 30 34 37 
12 2339 4
11 12 14 15 18 10 11 13 15 17 20 22 25 28 31 0 0 0 0 0 11 12 14 15 16 24 27 30 34 38 17 19 22 24 26 8 9 10 11 13 
17 19 22 25 26 12 13 15 17 18 0 0 0 0 0 20 22 25 27 32 11 12 14 15 16 21 24 27 29 34 19 21 24 26 30 16 18 20 22 26 
18 20 23 26 27 8 9 11 13 14 27 30 34 38 40 25 28 32 35 39 0 0 0 0 0 14 16 18 20 23 9 10 12 14 15 20 23 26 29 32 
0 0 0 0 0 24 27 31 34 38 25 28 32 36 38 8 9 11 13 14 12 14 16 18 20 8 9 11 12 13 8 9 10 12 13 22 25 28 30 34 
13 1188 8
20 23 26 28 32 18 20 23 26 28 25 28 32 35 38 10 11 13 14 16 8 9 10 11 14 0 0 0 0 0 27 30 34 37 42 9 10 12 14 14 
22 25 28 30 33 25 28 32 36 38 19 21 24 26 28 0 0 0 0 0 9 10 12 14 16 24 27 31 34 39 17 19 22 24 26 8 9 11 13 13 
25 28 32 35 40 26 29 33 37 40 19 21 24 27 29 24 27 30 33 36 10 11 13 15 17 11 12 14 15 18 11 12 14 16 16 0 0 0 0 0 
22 25 28 31 35 23 26 29 31 35 0 0 0 0 0 17 19 22 25 26 9 10 12 14 16 15 17 19 20 22 20 22 25 28 31 19 21 24 26 28 
22 25 28 30 34 9 10 12 14 15 24 27 30 33 38 20 23 26 28 33 23 26 29 31 36 10 11 13 14 15 22 25 28 31 33 0 0 0 0 0 
18 20 23 26 29 23 26 29 31 34 0 0 0 0 0 12 13 15 17 18 9 10 12 13 14 17 19 22 25 28 8 9 10 12 14 12 13 15 17 20 
23 26 29 32 34 19 21 24 27 29 13 15 17 19 22 11 12 14 16 17 25 28 32 36 40 20 22 25 27 30 17 19 22 25 28 0 0 0 0 0 
0 0 0 0 0 8 9 11 13 13 24 27 31 35 37 24 27 30 34 36 16 18 20 23 25 8 9 11 12 13 12 14 16 18 21 15 17 19 21 22 
14 1970 8
24 27 30 33 36 17 19 22 24 26 16 18 21 23 25 20 23 26 29 31 26 29 33 37 39 0 0 0 0 0 22 25 28 30 33 24 27 30 33 37 
8 9 11 13 13 15 17 19 21 24 12 14 16 18 20 8 9 11 13 13 18 20 23 26 27 27 30 34 37 41 21 24 27 29 34 0 0 0 0 0 
20 23 26 29 32 0 0 0 0 0 11 12 14 16 17 24 27 30 33 36 14 16 18 20 22 27 30 34 38 41 27 30 34 37 41 20 22 25 27 31 
17 19 22 24 27 10 11 13 14 17 12 14 16 17 19 0 0 0 0 0 21 24 27 30 32 23 26 29 31 36 20 23 26 28 33 18 20 23 25 27 
12 14 16 18 21 14 16 18 20 21 22 25 28 30 35 17 19 22 25 27 0 0 0 0 0 21 24 27 30 34 13 15 17 18 21 26 29 33 36 40 
19 21 24 27 29 12 13 15 17 19 16 18 20 22 26 26 29 33 36 39 13 15 17 19 22 0 0 0 0 0 8 9 11 12 14 12 14 16 17 19 
0 0 0 0 0 15 17 19 20 24 17 19 22 25 28 24 27 30 33 36 11 12 14 16 17 27 30 34 38 40 14 16 18 20 22 16 18 20 23 26 
12 14 16 17 19 19 21 24 26 30 19 21 24 26 29 0 0 0 0 0 27 30 34 38 40 25 28 32 36 40 17 19 22 25 27 20 22 25 27 31 
15 1832 6
8 9 10 12 14 23 26 29 32 36 9 10 12 14 14 8 9 11 12 15 0 0 0 0 0 27 30 34 38 41 11 12 14 16 16 10 11 13 15 16 
0 0 0 0 0 11 12 14 15 17 18 20 23 25 29 20 22 25 27 31 9 10 12 13 15 9 10 12 14 16 26 29 33 37 39 10 11 13 14 15 
0 0 0 0 0 18 20 23 25 29 14 16 18 19 21 15 17 19 21 23 19 21 24 27 30 13 15 17 18 21 18 20 23 26 29 17 19 22 25 27 
16 18 20 23 25 21 24 27 30 34 24 27 30 34 38 27 30 34 37 41 15 17 19 20 23 0 0 0 0 0 16 18 20 23 25 22 25 28 31 34 
8 9 10 11 12 13 15 17 19 20 0 0 0 0 0 16 18 20 22 26 11 12 14 16 17 26 29 33 37 41 15 17 19 21 22 19 21 24 27 28 
15 17 19 21 24 12 14 16 18 21 26 29 33 36 39 18 20 23 26 28 22 25 28 31 34 0 0 0 0 0 12 13 15 17 19 24 27 30 33 37 
16 1344 5
12 14 16 17 20 14 16 18 19 21 0 0 0 0 0 16 18 20 23 26 13 15 17 18 21 21 24 27 29 34 16 18 20 22 25 15 17 19 20 22 
23 26 29 32 34 12 13 15 17 19 0 0 0 0 0 24 27 31 34 39 27 30 34 38 41 11 12 14 15 16 12 13 15 16 19 16 18 20 23 24 
0 0 0 0 0 20 23 26 29 33 19 21 24 27 28 9 10 12 13 16 21 24 27 30 34 25 28 32 35 39 24 27 31 35 38 13 15 17 18 22 
15 17 19 21 22 10 11 13 14 15 16 18 20 22 25 0 0 0 0 0 19 21 24 26 30 12 14 16 17 21 8 9 10 11 14 16 18 21 23 25 
8 9 11 13 13 12 13 15 17 20 19 21 24 26 30 8 9 10 11 12 0 0 0 0 0 12 13 15 17 19 26 29 33 37 39 21 24 27 29 33 
17 1708 8
25 28 32 35 39 15 17 19 20 23 25 28 32 35 39 0 0 0 0 0 22 25 28 31 35 20 22 25 27 32 12 13 15 16 19 9 10 12 13 15 
26 29 33 37 41 16 18 21 24 25 8 9 11 12 13 12 13 15 16 19 19 21 24 26 30 0 0 0 0 0 26 29 33 37 41 22 25 28 30 33 
25 28 32 35 39 24 27 30 33 36 0 0 0 0 0 10 11 13 14 15 10 11 13 14 17 25 28 32 36 39 26 29 33 37 41 26 29 33 37 41 
26 29 33 37 40 8 9 11 13 15 20 23 26 29 32 12 14 16 17 21 24 27 31 35 39 19 21 24 27 30 0 0 0 0 0 22 25 28 30 35 
18 20 23 26 28 15 17 19 20 23 16 18 21 24 26 0 0 0 0 0 24 27 30 34 38 11 12 14 16 16 16 18 21 23 26 8 9 10 11 12 
27 30 34 38 40 17 19 22 24 28 25 28 32 35 39 24 27 31 35 37 20 23 26 28 33 0 0 0 0 0 24 27 31 34 39 12 14 16 17 20 
0 0 0 0 0 24 27 30 34 37 8 9 11 12 14 17 19 22 24 26 15 17 19 21 23 27 30 34 37 42 27 30 34 38 40 15 17 19 20 23 
9 10 12 14 14 15 17 19 20 22 8 9 10 11 12 22 25 28 31 33 24 27 31 35 39 24 27 31 35 38 0 0 0 0 0 14 16 18 19 23 
18 1630 4
12 13 15 17 19 20 23 26 29 32 13 15 17 18 22 15 17 19 21 23 0 0 0 0 0 8 9 11 12 15 9 10 12 14 15 17 19 22 24 26 
24 27 31 35 39 16 18 20 23 26 0 0 0 0 0 17 19 22 24 26 21 24 27 30 34 16 18 20 23 25 17 19 22 25 28 12 13 15 17 18 
20 23 26 28 31 27 30 34 38 41 14 16 18 19 21 0 0 0 0 0 16 18 20 23 24 14 16 18 19 21 20 22 25 28 31 13 15 17 18 21 
26 29 33 36 40 15 17 19 21 23 26 29 33 37 39 25 28 32 36 39 17 19 22 25 26 26 29 33 36 39 24 27 31 34 39 0 0 0 0 0 
19 2518 7
22 25 28 30 35 12 13 15 16 20 20 23 26 28 32 16 18 21 24 27 0 0 0 0 0 26 29 33 37 41 16 18 21 24 27 16 18 20 23 26 
23 26 29 32 35 14 16 18 19 22 0 0 0 0 0 20 23 26 29 31 12 13 15 17 20 19 21 24 27 29 18 20 23 26 29 13 15 17 19 22 
17 19 22 24 27 25 28 32 35 40 16 18 21 23 27 9 10 12 13 15 16 18 20 23 24 27 30 34 38 42 0 0 0 0 0 19 21 24 26 29 
0 0 0 0 0 27 30 34 38 40 14 16 18 20 21 9 10 12 13 14 24 27 31 34 37 22 25 28 31 33 25 28 32 36 38 22 25 28 30 33 
27 30 34 38 41 25 28 32 35 40 0 0 0 0 0 27 30 34 38 42 14 16 18 19 21 24 27 31 34 37 11 12 14 16 18 27 30 34 37 40 
0 0 0 0 0 10 11 13 15 15 16 18 20 22 26 22 25 28 31 33 20 23 26 28 33 9 10 12 14 14 13 15 17 18 22 12 14 16 18 19 
17 19 22 25 26 0 0 0 0 0 14 16 18 20 21 8 9 10 11 14 10 11 13 15 17 14 16 18 20 21 16 18 21 23 26 24 27 31 35 39 
0 1152 133 191 86 
1 1086 94 62 51 
2 1009 117 82 58 
3 1242 168 212 46 
4 1120 37 49 34 
5 1281 58 126 71 
6 1350 167 78 49 
7 1405 201 88 24 
17 50 8000 20000 0.52 0.78 30 5000 750 12500 0.43 0.49 900 10000 9746 5493 21 2.062
