80 9
0 1190 6
11 12 14 16 18 20 23 26 29 32 9 10 12 13 15 16 18 20 23 26 16 18 21 24 25 0 0 0 0 0 17 19 22 25 27 15 17 19 21 22 19 21 24 26 28 
16 18 20 22 26 26 29 33 37 39 0 0 0 0 0 16 18 20 22 26 21 24 27 30 34 21 24 27 29 32 16 18 21 24 27 16 18 20 23 26 13 15 17 18 21 
8 9 11 12 14 0 0 0 0 0 26 29 33 37 41 23 26 29 31 36 20 22 25 27 32 24 27 31 34 39 8 9 10 12 13 14 16 18 20 23 17 19 22 24 27 
16 18 20 23 25 20 22 25 27 30 8 9 11 13 13 11 12 14 16 18 16 18 21 23 27 8 9 11 12 13 20 23 26 29 31 12 13 15 17 19 0 0 0 0 0 
10 11 13 15 16 0 0 0 0 0 10 11 13 15 17 25 28 32 36 38 24 27 30 33 37 17 19 22 25 26 12 13 15 17 18 13 15 17 19 20 23 26 29 32 35 
16 18 21 24 27 23 26 29 31 34 9 10 12 14 15 15 17 19 21 24 14 16 18 20 21 20 22 25 28 30 23 26 29 31 36 13 15 17 18 20 0 0 0 0 0 
1 2859 4
10 11 13 15 15 21 24 27 29 33 22 25 28 31 33 11 12 14 15 18 14 16 18 20 22 12 13 15 16 19 24 27 30 33 38 18 20 23 25 27 0 0 0 0 0 
14 16 18 20 22 8 9 11 12 13 13 15 17 19 22 13 15 17 19 22 23 26 29 31 35 19 21 24 26 30 8 9 10 11 14 0 0 0 0 0 24 27 31 34 38 
9 10 12 14 15 16 18 21 23 27 17 19 22 25 26 22 25 28 30 35 0 0 0 0 0 8 9 11 12 15 22 25 28 31 35 26 29 33 36 40 21 24 27 29 33 
8 9 11 13 14 12 13 15 17 20 9 10 12 13 15 0 0 0 0 0 23 26 29 32 36 27 30 34 38 42 9 10 12 14 15 14 16 18 20 23 27 30 34 38 41 
2 2084 4
27 30 34 37 40 27 30 34 38 41 8 9 10 12 13 16 18 20 23 26 27 30 34 38 41 0 0 0 0 0 16 18 20 23 25 10 11 13 14 16 26 29 33 36 41 
21 24 27 30 33 13 15 17 19 20 12 13 15 16 19 17 19 22 24 27 19 21 24 26 28 22 25 28 31 33 0 0 0 0 0 12 14 16 17 20 21 24 27 30 32 
11 12 14 15 18 24 27 31 35 38 13 15 17 18 22 14 16 18 20 23 24 27 30 33 36 0 0 0 0 0 20 22 25 27 30 20 22 25 27 30 23 26 29 31 34 
15 17 19 20 23 0 0 0 0 0 26 29 33 36 39 24 27 31 34 38 24 27 30 34 37 16 18 21 24 27 19 21 24 26 29 9 10 12 14 16 23 26 29 31 34 
3 2250 8
12 14 16 17 19 12 13 15 17 18 22 25 28 31 34 16 18 21 24 26 14 16 18 19 23 24 27 30 33 37 0 0 0 0 0 8 9 11 13 15 20 23 26 29 32 
0 0 0 0 0 19 21 24 27 29 20 23 26 29 33 22 25 28 30 34 14 16 18 20 22 12 14 16 18 21 23 26 29 32 34 25 28 32 36 40 18 20 23 26 27 
10 11 13 15 15 20 23 26 28 32 20 23 26 28 31 13 15 17 18 20 14 16 18 20 21 12 14 16 17 20 17 19 22 24 27 10 11 13 15 16 0 0 0 0 0 
24 27 31 35 37 14 16 18 20 22 26 29 33 37 41 10 11 13 15 15 0 0 0 0 0 24 27 31 35 38 12 13 15 17 20 19 21 24 26 30 9 10 12 13 14 
27 30 34 37 41 17 19 22 25 28 12 14 16 18 20 0 0 0 0 0 25 28 32 35 40 27 30 34 37 42 16 18 21 23 26 17 19 22 25 28 24 27 31 35 38 
20 22 25 27 31 0 0 0 0 0 11 12 14 15 18 18 20 23 25 28 8 9 11 13 14 23 26 29 32 34 25 28 32 35 38 12 13 15 16 20 11 12 14 15 16 
8 9 11 13 13 8 9 11 12 13 19 21 24 27 30 26 29 33 37 39 13 15 17 18 21 0 0 0 0 0 27 30 34 37 42 13 15 17 19 20 23 26 29 31 35 
8 9 10 12 13 12 14 16 18 19 25 28 32 35 38 8 9 10 12 12 24 27 31 34 38 0 0 0 0 0 8 9 11 12 13 18 20 23 25 28 18 20 23 26 28 
4 1930 5
0 0 0 0 0 8 9 10 12 13 13 15 17 18 21 14 16 18 19 22 12 14 16 18 20 11 12 14 15 16 11 12 14 15 18 12 14 16 18 20 8 9 10 12 13 
12 14 16 18 20 9 10 12 13 14 26 29 33 36 39 26 29 33 37 39 11 12 14 16 18 27 30 34 38 41 16 18 20 23 26 0 0 0 0 0 21 24 27 30 33 
12 14 16 18 20 0 0 0 0 0 27 30 34 37 41 23 26 29 31 36 10 11 13 15 15 27 30 34 38 40 21 24 27 30 33 10 11 13 15 17 25 28 32 35 38 
19 21 24 26 30 26 29 33 37 40 11 12 14 15 17 21 24 27 29 33 19 21 24 27 29 0 0 0 0 0 15 17 19 20 23 27 30 34 37 42 21 24 27 30 33 
8 9 10 12 13 23 26 29 31 35 0 0 0 0 0 11 12 14 16 18 20 23 26 29 33 10 11 13 14 15 24 27 31 34 38 25 28 32 36 38 15 17 19 20 23 
5 2940 7
26 29 33 37 40 22 25 28 30 33 13 15 17 18 22 12 13 15 17 19 24 27 31 34 37 26 29 33 36 40 13 15 17 18 22 0 0 0 0 0 21 24 27 29 33 
16 18 20 22 25 12 13 15 16 19 25 28 32 35 40 0 0 0 0 0 11 12 14 15 18 8 9 11 13 15 24 27 30 34 37 26 29 33 37 39 25 28 32 35 38 
12 14 16 18 19 0 0 0 0 0 21 24 27 30 33 26 29 33 37 40 25 28 32 35 38 12 13 15 17 19 9 10 12 14 15 19 21 24 26 28 16 18 20 23 24 
13 15 17 18 22 8 9 10 11 13 24 27 31 34 39 17 19 22 24 26 16 18 21 24 26 27 30 34 37 41 11 12 14 16 16 0 0 0 0 0 20 22 25 28 32 
20 22 25 27 30 0 0 0 0 0 20 22 25 27 32 14 16 18 20 23 9 10 12 13 15 11 12 14 16 16 8 9 10 12 12 12 13 15 17 20 27 30 34 37 40 
19 21 24 26 30 15 17 19 20 24 12 13 15 17 18 16 18 20 23 25 0 0 0 0 0 16 18 21 24 26 9 10 12 13 14 8 9 10 11 12 11 12 14 16 16 
13 15 17 18 22 18 20 23 25 28 0 0 0 0 0 13 15 17 18 21 25 28 32 35 38 22 25 28 31 35 21 24 27 29 33 18 20 23 26 29 17 19 22 25 28 
6 2029 7
13 15 17 18 21 12 13 15 17 19 9 10 12 14 14 0 0 0 0 0 17 19 22 25 26 12 14 16 18 19 12 14 16 17 20 8 9 11 12 13 24 27 30 34 38 
16 18 21 24 27 0 0 0 0 0 15 17 19 21 22 11 12 14 15 17 23 26 29 31 35 27 30 34 38 41 16 18 20 22 26 24 27 31 34 38 17 19 22 24 26 
15 17 19 21 23 9 10 12 14 15 0 0 0 0 0 14 16 18 20 22 21 24 27 29 34 16 18 20 22 25 8 9 10 11 13 16 18 21 24 25 19 21 24 27 29 
14 16 18 19 23 12 13 15 16 20 15 17 19 20 23 19 21 24 26 30 0 0 0 0 0 8 9 11 13 14 19 21 24 26 28 9 10 12 14 14 24 27 30 33 36 
0 0 0 0 0 15 17 19 21 22 11 12 14 15 17 21 24 27 29 32 9 10 12 13 14 8 9 10 11 13 26 29 33 37 40 18 20 23 25 27 19 21 24 27 30 
24 27 31 34 38 10 11 13 15 16 11 12 14 16 16 17 19 22 25 28 9 10 12 13 15 26 29 33 37 40 0 0 0 0 0 20 23 26 29 33 22 25 28 31 34 
20 22 25 27 31 8 9 10 11 13 13 15 17 18 20 23 26 29 32 34 16 18 21 24 25 9 10 12 13 16 0 0 0 0 0 24 27 30 34 37 8 9 11 13 14 
7 2197 5
20 23 26 29 31 24 27 30 34 37 20 23 26 29 33 0 0 0 0 0 8 9 10 11 14 12 14 16 18 19 11 12 14 15 16 25 28 32 36 38 25 28 32 36 39 
11 12 14 16 17 24 27 30 34 36 15 17 19 20 23 12 13 15 16 18 0 0 0 0 0 19 21 24 27 30 12 14 16 18 19 16 18 21 23 26 9 10 12 14 15 
19 21 24 26 29 12 14 16 17 21 17 19 22 24 28 15 17 19 21 24 26 29 33 36 39 0 0 0 0 0 12 13 15 17 19 23 26 29 32 35 16 18 20 22 24 
27 30 34 37 41 24 27 31 34 38 0 0 0 0 0 9 10 12 14 16 22 25 28 30 33 20 22 25 27 30 24 27 30 33 36 8 9 11 12 14 13 15 17 18 22 
17 19 22 25 26 0 0 0 0 0 17 19 22 25 27 24 27 30 34 37 15 17 19 20 22 16 18 20 23 26 12 14 16 18 19 20 22 25 28 30 24 27 31 34 38 
8 1722 6
17 19 22 24 27 12 14 16 17 21 16 18 21 23 25 0 0 0 0 0 26 29 33 36 39 8 9 11 12 14 11 12 14 15 17 11 12 14 15 16 20 22 25 28 30 
20 22 25 27 30 20 22 25 27 32 12 14 16 17 20 11 12 14 16 17 16 18 21 24 27 17 19 22 25 28 0 0 0 0 0 9 10 12 13 16 18 20 23 26 27 
24 27 31 35 38 27 30 34 37 40 25 28 32 36 39 11 12 14 15 16 0 0 0 0 0 10 11 13 15 16 11 12 14 15 16 24 27 31 35 38 15 17 19 20 24 
0 0 0 0 0 12 14 16 18 19 23 26 29 32 34 10 11 13 15 17 12 14 16 18 21 8 9 10 11 13 16 18 20 23 25 23 26 29 32 36 12 14 16 17 20 
8 9 10 11 12 0 0 0 0 0 16 18 20 23 25 17 19 22 25 26 26 29 33 36 40 20 23 26 28 33 19 21 24 27 29 8 9 11 12 15 8 9 10 11 13 
25 28 32 36 40 11 12 14 15 16 16 18 21 23 25 27 30 34 37 40 16 18 21 24 27 0 0 0 0 0 10 11 13 14 16 16 18 21 23 26 21 24 27 30 34 
9 2242 4
13 15 17 19 21 10 11 13 15 16 0 0 0 0 0 24 27 31 34 38 8 9 10 11 13 16 18 21 24 25 20 23 26 29 33 16 18 20 22 24 20 22 25 27 32 
14 16 18 20 22 24 27 31 35 37 24 27 30 33 38 8 9 10 12 13 0 0 0 0 0 12 14 16 17 21 13 15 17 19 21 16 18 20 23 26 18 20 23 25 27 
12 14 16 18 20 20 22 25 27 31 13 15 17 19 22 13 15 17 18 20 8 9 10 11 14 0 0 0 0 0 14 16 18 20 23 13 15 17 19 22 10 11 13 14 17 
24 27 31 34 38 23 26 29 31 35 11 12 14 16 18 23 26 29 31 34 10 11 13 14 15 23 26 29 32 35 16 18 20 22 26 12 13 15 16 18 0 0 0 0 0 
10 1633 8
27 30 34 37 42 20 23 26 29 32 0 0 0 0 0 19 21 24 27 28 24 27 30 33 37 13 15 17 18 20 20 22 25 28 30 16 18 20 23 25 24 27 30 33 38 
11 12 14 15 17 15 17 19 20 22 23 26 29 31 36 12 13 15 17 18 9 10 12 14 16 13 15 17 19 22 9 10 12 14 16 23 26 29 31 34 0 0 0 0 0 
14 16 18 19 21 13 15 17 18 22 12 14 16 17 20 24 27 31 34 37 24 27 30 34 37 12 13 15 16 20 0 0 0 0 0 14 16 18 19 22 13 15 17 19 21 
9 10 12 14 16 24 27 30 33 37 13 15 17 19 21 21 24 27 29 32 25 28 32 36 38 8 9 11 13 14 14 16 18 19 23 0 0 0 0 0 12 13 15 16 19 
25 28 32 35 38 27 30 34 37 42 20 23 26 29 31 0 0 0 0 0 18 20 23 26 28 12 13 15 17 20 23 26 29 31 35 15 17 19 20 24 16 18 20 22 26 
12 14 16 17 20 20 22 25 27 31 10 11 13 15 17 0 0 0 0 0 20 23 26 28 31 24 27 31 34 38 13 15 17 19 20 16 18 20 22 25 12 14 16 17 20 
21 24 27 30 34 16 18 20 22 25 0 0 0 0 0 25 28 32 36 39 24 27 31 34 39 14 16 18 20 21 23 26 29 31 34 23 26 29 32 36 8 9 10 12 13 
14 16 18 20 21 0 0 0 0 0 8 9 11 13 13 12 14 16 17 20 15 17 19 21 23 19 21 24 26 28 24 27 30 34 36 20 22 25 28 32 20 22 25 28 31 
11 2626 7
16 18 20 23 25 24 27 31 35 39 0 0 0 0 0 20 23 26 29 33 10 11 13 15 16 24 27 30 34 38 8 9 11 13 14 10 11 13 15 17 17 19 22 24 28 
12 13 15 16 18 10 11 13 15 16 0 0 0 0 0 8 9 10 12 12 17 19 22 25 28 16 18 20 23 25 18 20 23 25 29 12 14 16 18 21 12 14 16 18 21 
20 23 26 28 33 26 29 33 36 40 19 21 24 27 28 8 9 10 11 13 19 21 24 27 29 22 25 28 30 35 0 0 0 0 0 15 17 19 21 22 8 9 11 13 15 
14 16 18 19 21 16 18 21 24 26 20 23 26 29 32 27 30 34 38 42 13 15 17 19 21 0 0 0 0 0 16 18 21 24 25 24 27 30 33 36 11 12 14 16 16 
0 0 0 0 0 12 13 15 17 20 25 28 32 35 40 8 9 11 12 13 11 12 14 15 16 16 18 20 22 24 9 10 12 14 14 19 21 24 27 28 21 24 27 29 32 
14 16 18 20 23 8 9 11 12 13 18 20 23 25 29 10 11 13 14 17 15 17 19 21 23 12 13 15 17 19 0 0 0 0 0 23 26 29 32 36 17 19 22 25 27 
21 24 27 29 34 0 0 0 0 0 20 23 26 29 32 10 11 13 14 16 25 28 32 35 39 14 16 18 20 23 22 25 28 31 34 25 28 32 35 38 16 18 20 23 24 
12 2086 4
25 28 32 36 40 8 9 10 12 12 0 0 0 0 0 20 23 26 29 31 22 25 28 31 35 19 21 24 26 28 11 12 14 16 18 17 19 22 24 28 8 9 10 12 12 
12 13 15 16 20 21 24 27 30 32 20 23 26 29 33 12 14 16 18 19 0 0 0 0 0 13 15 17 19 22 20 22 25 27 32 16 18 20 22 26 14 16 18 19 22 
24 27 30 33 36 25 28 32 35 39 27 30 34 37 41 16 18 21 24 26 0 0 0 0 0 22 25 28 30 35 14 16 18 20 21 18 20 23 26 29 20 22 25 27 30 
13 15 17 19 21 27 30 34 38 42 26 29 33 37 40 26 29 33 36 40 0 0 0 0 0 16 18 21 23 27 23 26 29 31 35 13 15 17 19 21 24 27 30 34 37 
13 1397 5
8 9 11 12 13 25 28 32 35 39 24 27 31 34 37 18 20 23 26 29 14 16 18 20 23 12 13 15 16 19 26 29 33 37 41 12 14 16 18 21 0 0 0 0 0 
17 19 22 25 26 10 11 13 14 15 25 28 32 35 39 18 20 23 25 27 12 14 16 17 21 0 0 0 0 0 20 23 26 29 33 21 24 27 29 33 20 22 25 27 31 
22 25 28 31 35 10 11 13 14 15 12 13 15 17 18 11 12 14 15 16 27 30 34 38 40 0 0 0 0 0 18 20 23 26 29 22 25 28 31 33 23 26 29 31 35 
12 13 15 17 20 18 20 23 26 27 8 9 11 12 13 20 22 25 28 32 0 0 0 0 0 14 16 18 20 22 24 27 30 33 37 12 13 15 16 20 22 25 28 31 34 
20 22 25 28 30 14 16 18 20 23 26 29 33 36 39 20 23 26 28 33 0 0 0 0 0 14 16 18 20 23 20 22 25 28 32 16 18 21 24 25 11 12 14 16 18 
14 2021 4
24 27 31 34 39 21 24 27 30 32 8 9 10 11 12 12 14 16 17 21 14 16 18 20 23 19 21 24 27 30 0 0 0 0 0 17 19 22 25 26 8 9 10 11 12 
27 30 34 38 42 16 18 21 24 25 15 17 19 20 22 21 24 27 29 34 0 0 0 0 0 14 16 18 20 21 13 15 17 18 21 20 22 25 28 30 26 29 33 37 41 
10 11 13 15 17 18 20 23 25 28 16 18 21 23 25 0 0 0 0 0 13 15 17 19 22 23 26 29 31 35 23 26 29 31 36 21 24 27 30 34 12 13 15 17 19 
25 28 32 35 40 27 30 34 37 41 17 19 22 24 27 17 19 22 25 26 0 0 0 0 0 22 25 28 31 35 19 21 24 27 30 11 12 14 15 18 19 21 24 26 29 
15 2799 5
0 0 0 0 0 12 14 16 18 19 25 28 32 36 38 11 12 14 15 16 18 20 23 25 27 14 16 18 20 21 8 9 11 12 15 21 24 27 29 33 17 19 22 25 28 
19 21 24 26 30 22 25 28 30 33 14 16 18 19 22 21 24 27 30 32 0 0 0 0 0 14 16 18 20 21 12 14 16 18 19 27 30 34 38 42 13 15 17 19 21 
22 25 28 30 34 26 29 33 36 40 11 12 14 16 17 17 19 22 25 28 0 0 0 0 0 23 26 29 32 34 14 16 18 20 21 16 18 21 24 26 26 29 33 36 41 
0 0 0 0 0 21 24 27 30 32 8 9 11 12 15 20 22 25 27 31 12 13 15 17 18 12 14 16 17 20 11 12 14 16 18 23 26 29 32 35 21 24 27 29 32 
21 24 27 30 32 20 22 25 28 31 16 18 21 24 27 22 25 28 31 35 18 20 23 25 28 18 20 23 26 27 8 9 11 13 14 0 0 0 0 0 17 19 22 24 26 
16 2530 6
8 9 10 12 12 13 15 17 19 20 11 12 14 15 18 0 0 0 0 0 14 16 18 19 22 21 24 27 29 34 26 29 33 37 40 14 16 18 19 23 14 16 18 20 23 
0 0 0 0 0 9 10 12 14 15 27 30 34 37 41 20 23 26 28 32 23 26 29 32 35 8 9 10 12 12 24 27 30 34 38 13 15 17 18 20 12 14 16 17 19 
25 28 32 36 38 12 13 15 16 19 8 9 10 12 13 12 14 16 17 21 12 14 16 18 21 13 15 17 18 22 26 29 33 36 41 0 0 0 0 0 27 30 34 38 42 
20 23 26 29 33 26 29 33 36 39 19 21 24 27 28 18 20 23 26 29 9 10 12 13 15 0 0 0 0 0 27 30 34 37 40 10 11 13 14 17 18 20 23 26 27 
20 22 25 27 31 8 9 10 12 12 23 26 29 32 35 13 15 17 19 20 0 0 0 0 0 21 24 27 30 33 20 23 26 29 32 12 13 15 16 18 10 11 13 14 15 
0 0 0 0 0 24 27 30 33 37 8 9 11 13 13 27 30 34 38 42 27 30 34 37 41 19 21 24 27 28 16 18 20 23 26 25 28 32 35 40 17 19 22 24 27 
17 2125 4
24 27 31 35 38 23 26 29 31 35 22 25 28 30 33 10 11 13 15 15 24 27 30 33 36 20 23 26 28 33 12 13 15 17 19 0 0 0 0 0 9 10 12 13 14 
22 25 28 31 33 17 19 22 25 26 0 0 0 0 0 13 15 17 18 20 16 18 20 22 25 19 21 24 26 28 14 16 18 20 22 12 14 16 17 21 24 27 30 34 36 
11 12 14 15 17 14 16 18 19 23 26 29 33 37 41 16 18 20 23 26 10 11 13 14 15 23 26 29 31 34 12 14 16 18 21 26 29 33 36 40 0 0 0 0 0 
24 27 31 35 38 0 0 0 0 0 25 28 32 36 40 20 23 26 28 33 8 9 11 13 15 26 29 33 37 39 22 25 28 30 33 27 30 34 37 42 12 14 16 17 21 
18 2216 7
10 11 13 15 16 10 11 13 15 16 13 15 17 19 22 26 29 33 37 39 24 27 31 34 39 0 0 0 0 0 12 13 15 16 18 18 20 23 25 29 12 13 15 16 18 
16 18 20 23 26 12 14 16 17 21 15 17 19 21 23 25 28 32 35 38 22 25 28 31 34 20 23 26 28 31 16 18 20 22 25 21 24 27 29 34 0 0 0 0 0 
19 21 24 26 28 0 0 0 0 0 8 9 10 12 14 18 20 23 26 29 15 17 19 20 24 8 9 11 13 14 10 11 13 15 16 19 21 24 27 29 23 26 29 31 34 
20 22 25 28 30 0 0 0 0 0 8 9 10 11 13 16 18 20 23 25 26 29 33 36 41 22 25 28 31 35 12 13 15 17 19 25 28 32 35 39 8 9 10 11 14 
16 18 20 22 26 26 29 33 36 39 20 23 26 28 33 24 27 31 35 38 20 23 26 29 31 24 27 30 34 38 20 23 26 29 33 26 29 33 36 39 0 0 0 0 0 
16 18 21 23 25 20 23 26 28 31 0 0 0 0 0 19 21 24 26 29 15 17 19 20 23 9 10 12 13 16 15 17 19 21 23 22 25 28 30 33 23 26 29 32 36 
20 22 25 27 32 9 10 12 13 15 8 9 11 12 13 17 19 22 25 28 17 19 22 24 26 8 9 10 11 12 17 19 22 25 26 15 17 19 21 22 0 0 0 0 0 
19 1687 4
8 9 11 12 14 12 14 16 18 19 8 9 10 11 13 8 9 11 12 13 0 0 0 0 0 26 29 33 37 39 27 30 34 37 40 13 15 17 18 20 11 12 14 15 16 
13 15 17 19 21 20 22 25 28 30 18 20 23 25 27 20 23 26 29 32 0 0 0 0 0 16 18 20 22 24 27 30 34 37 41 24 27 30 34 38 17 19 22 25 28 
26 29 33 37 40 23 26 29 32 34 16 18 21 24 27 10 11 13 15 15 25 28 32 35 38 0 0 0 0 0 27 30 34 37 41 17 19 22 24 27 14 16 18 19 22 
20 22 25 27 31 12 13 15 16 20 27 30 34 38 42 22 25 28 30 35 0 0 0 0 0 24 27 31 35 37 9 10 12 14 15 16 18 20 22 24 22 25 28 30 35 
20 2111 7
26 29 33 37 39 16 18 21 24 26 9 10 12 13 15 12 13 15 16 18 12 13 15 17 20 14 16 18 19 22 0 0 0 0 0 19 21 24 27 29 23 26 29 31 36 
20 23 26 29 32 22 25 28 31 34 25 28 32 35 38 0 0 0 0 0 23 26 29 32 34 25 28 32 36 40 27 30 34 37 42 24 27 30 33 37 25 28 32 35 39 
21 24 27 30 32 11 12 14 15 18 27 30 34 37 41 21 24 27 30 33 23 26 29 32 36 0 0 0 0 0 11 12 14 15 18 16 18 21 24 27 13 15 17 19 21 
16 18 20 23 24 17 19 22 24 27 20 22 25 27 31 10 11 13 15 15 18 20 23 26 28 0 0 0 0 0 27 30 34 37 40 25 28 32 35 40 15 17 19 20 22 
19 21 24 26 30 16 18 20 22 25 18 20 23 25 29 10 11 13 15 16 8 9 10 11 12 0 0 0 0 0 12 13 15 17 19 26 29 33 37 40 26 29 33 36 39 
16 18 21 24 25 12 13 15 17 18 19 21 24 26 28 26 29 33 37 39 0 0 0 0 0 18 20 23 25 27 19 21 24 27 29 8 9 11 13 14 16 18 20 23 26 
21 24 27 30 32 16 18 21 23 25 8 9 11 12 14 0 0 0 0 0 24 27 31 34 38 17 19 22 24 28 26 29 33 37 41 11 12 14 15 17 15 17 19 21 23 
21 1341 5
18 20 23 26 27 12 14 16 18 20 17 19 22 25 26 18 20 23 25 28 10 11 13 15 16 22 25 28 31 35 0 0 0 0 0 20 23 26 29 32 25 28 32 36 38 
11 12 14 16 17 12 13 15 17 20 8 9 10 12 12 18 20 23 25 27 18 20 23 25 28 12 14 16 17 21 14 16 18 20 23 0 0 0 0 0 17 19 22 24 27 
16 18 21 24 26 18 20 23 25 27 14 16 18 19 21 0 0 0 0 0 20 23 26 28 31 26 29 33 37 39 14 16 18 20 23 23 26 29 32 34 16 18 20 22 25 
8 9 11 13 14 16 18 20 23 24 9 10 12 13 15 0 0 0 0 0 13 15 17 19 20 17 19 22 24 26 24 27 30 34 37 12 13 15 16 19 11 12 14 16 16 
27 30 34 38 41 16 18 20 22 24 14 16 18 20 21 21 24 27 30 34 9 10 12 14 15 10 11 13 15 16 18 20 23 25 29 0 0 0 0 0 10 11 13 15 15 
22 1504 6
8 9 11 12 14 27 30 34 38 40 10 11 13 14 17 8 9 10 11 13 21 24 27 29 33 0 0 0 0 0 17 19 22 24 26 22 25 28 31 33 20 23 26 28 31 
15 17 19 21 23 20 22 25 28 30 21 24 27 30 34 9 10 12 14 15 8 9 10 11 12 20 22 25 28 32 0 0 0 0 0 12 13 15 17 20 23 26 29 31 35 
19 21 24 26 28 0 0 0 0 0 20 23 26 28 31 23 26 29 32 34 24 27 30 34 37 19 21 24 26 30 18 20 23 26 29 16 18 20 23 26 24 27 31 34 38 
14 16 18 19 23 26 29 33 37 41 0 0 0 0 0 14 16 18 19 22 16 18 21 24 27 26 29 33 37 40 21 24 27 29 32 11 12 14 15 16 12 14 16 18 19 
12 14 16 17 20 24 27 31 35 38 12 14 16 17 19 11 12 14 16 17 8 9 10 11 14 27 30 34 38 41 0 0 0 0 0 9 10 12 13 15 24 27 30 33 37 
24 27 31 35 37 11 12 14 16 16 24 27 30 33 36 13 15 17 18 21 12 14 16 18 19 11 12 14 15 16 16 18 21 23 26 8 9 10 11 13 0 0 0 0 0 
23 2304 4
22 25 28 30 35 25 28 32 36 38 25 28 32 35 38 12 14 16 17 20 10 11 13 15 17 12 14 16 18 20 0 0 0 0 0 26 29 33 36 41 20 22 25 27 30 
16 18 20 23 24 20 22 25 28 32 0 0 0 0 0 23 26 29 32 35 20 22 25 28 30 24 27 30 33 37 8 9 10 12 14 23 26 29 31 36 11 12 14 16 18 
14 16 18 19 22 16 18 20 23 26 24 27 31 35 38 13 15 17 19 21 0 0 0 0 0 18 20 23 25 28 12 14 16 18 19 13 15 17 18 20 13 15 17 19 21 
21 24 27 30 34 21 24 27 29 34 12 13 15 16 19 11 12 14 15 17 12 13 15 17 19 20 23 26 29 32 13 15 17 18 21 25 28 32 35 38 0 0 0 0 0 
24 2358 4
26 29 33 36 39 8 9 10 11 14 25 28 32 36 39 0 0 0 0 0 14 16 18 19 22 10 11 13 15 15 18 20 23 25 28 21 24 27 29 34 20 22 25 27 32 
13 15 17 19 21 0 0 0 0 0 9 10 12 13 16 17 19 22 24 27 24 27 30 34 36 19 21 24 27 29 8 9 11 12 15 26 29 33 37 39 21 24 27 30 34 
23 26 29 32 36 21 24 27 29 32 18 20 23 25 27 8 9 11 12 15 12 13 15 16 19 0 0 0 0 0 17 19 22 24 28 21 24 27 30 32 22 25 28 30 33 
0 0 0 0 0 14 16 18 20 21 15 17 19 21 23 16 18 20 22 26 12 13 15 17 19 16 18 20 23 24 10 11 13 15 15 24 27 30 33 36 19 21 24 27 28 
25 1910 5
13 15 17 18 22 21 24 27 29 32 14 16 18 20 21 24 27 30 34 38 25 28 32 36 38 12 13 15 17 19 0 0 0 0 0 12 13 15 17 20 19 21 24 27 29 
15 17 19 21 22 0 0 0 0 0 8 9 11 12 14 25 28 32 36 39 24 27 31 34 39 20 22 25 27 30 12 13 15 16 18 19 21 24 27 30 22 25 28 31 34 
25 28 32 35 38 16 18 20 23 25 13 15 17 19 20 12 14 16 17 20 10 11 13 15 17 16 18 21 24 27 0 0 0 0 0 16 18 20 22 26 15 17 19 21 22 
12 13 15 17 20 24 27 31 35 38 0 0 0 0 0 15 17 19 21 22 14 16 18 19 23 24 27 30 34 37 24 27 30 34 36 25 28 32 35 38 10 11 13 15 16 
0 0 0 0 0 24 27 30 34 36 20 22 25 27 31 22 25 28 30 33 24 27 31 34 39 25 28 32 35 38 14 16 18 20 22 11 12 14 16 18 8 9 10 12 14 
26 2456 5
19 21 24 26 30 15 17 19 21 24 24 27 30 34 37 15 17 19 21 23 12 14 16 17 21 15 17 19 21 23 0 0 0 0 0 12 14 16 17 19 14 16 18 19 23 
12 14 16 17 19 12 14 16 18 19 8 9 10 11 13 27 30 34 38 40 8 9 11 12 14 0 0 0 0 0 26 29 33 37 40 24 27 31 34 39 11 12 14 15 16 
21 24 27 29 32 18 20 23 25 27 15 17 19 20 24 17 19 22 25 28 25 28 32 36 40 10 11 13 15 15 0 0 0 0 0 21 24 27 30 33 11 12 14 15 16 
21 24 27 29 32 0 0 0 0 0 16 18 20 22 25 22 25 28 30 34 21 24 27 30 32 12 14 16 17 20 16 18 21 23 27 15 17 19 20 24 13 15 17 19 20 
21 24 27 29 32 14 16 18 19 23 10 11 13 14 15 9 10 12 14 15 0 0 0 0 0 15 17 19 20 23 20 23 26 29 32 19 21 24 27 30 12 14 16 17 19 
27 1272 5
24 27 30 33 37 21 24 27 29 32 12 14 16 18 19 8 9 11 13 14 24 27 31 35 37 8 9 10 12 14 24 27 31 35 37 0 0 0 0 0 27 30 34 38 42 
0 0 0 0 0 17 19 22 25 27 15 17 19 21 23 26 29 33 36 39 27 30 34 37 41 12 14 16 17 19 11 12 14 16 18 25 28 32 36 38 24 27 30 34 37 
16 18 20 23 25 8 9 11 13 15 27 30 34 37 41 0 0 0 0 0 16 18 21 24 27 17 19 22 25 28 27 30 34 38 40 14 16 18 19 21 16 18 21 24 26 
9 10 12 13 14 15 17 19 20 23 0 0 0 0 0 12 13 15 17 18 21 24 27 29 34 19 21 24 26 28 17 19 22 25 26 14 16 18 19 22 19 21 24 27 29 
11 12 14 15 16 8 9 11 12 13 26 29 33 37 41 23 26 29 32 36 13 15 17 18 22 0 0 0 0 0 12 13 15 17 20 14 16 18 20 21 26 29 33 37 39 
28 1767 7
8 9 10 11 12 16 18 21 23 27 17 19 22 24 27 0 0 0 0 0 16 18 20 23 24 9 10 12 14 15 22 25 28 31 34 12 14 16 18 21 19 21 24 27 29 
12 14 16 18 20 18 20 23 25 27 14 16 18 19 22 22 25 28 31 33 20 23 26 28 32 15 17 19 21 23 0 0 0 0 0 20 22 25 27 30 19 21 24 27 29 
8 9 10 11 12 26 29 33 36 41 23 26 29 32 35 0 0 0 0 0 20 23 26 28 32 8 9 10 12 14 13 15 17 19 21 12 14 16 18 21 15 17 19 21 24 
25 28 32 35 38 24 27 30 33 37 17 19 22 24 27 0 0 0 0 0 19 21 24 27 29 9 10 12 14 15 15 17 19 21 24 12 14 16 17 21 20 22 25 27 31 
24 27 31 35 39 22 25 28 30 33 23 26 29 31 35 18 20 23 26 29 12 13 15 17 20 22 25 28 30 35 11 12 14 16 16 15 17 19 21 22 0 0 0 0 0 
24 27 31 34 37 26 29 33 36 39 0 0 0 0 0 12 14 16 18 20 9 10 12 14 15 14 16 18 20 23 24 27 31 34 38 17 19 22 24 26 16 18 21 23 26 
18 20 23 26 27 12 13 15 17 19 24 27 30 34 38 12 14 16 18 21 0 0 0 0 0 9 10 12 14 16 27 30 34 37 40 9 10 12 14 15 20 23 26 28 33 
29 1319 4
18 20 23 26 28 25 28 32 35 39 18 20 23 25 29 16 18 21 23 27 24 27 30 34 36 13 15 17 19 22 0 0 0 0 0 9 10 12 14 14 20 23 26 29 31 
27 30 34 38 42 10 11 13 14 16 11 12 14 16 16 22 25 28 31 33 21 24 27 29 32 21 24 27 30 34 0 0 0 0 0 11 12 14 15 17 8 9 10 11 12 
21 24 27 29 33 0 0 0 0 0 22 25 28 31 33 16 18 20 22 24 13 15 17 19 22 24 27 31 34 37 23 26 29 31 35 23 26 29 31 36 12 13 15 16 18 
10 11 13 14 15 24 27 31 34 38 20 23 26 28 32 0 0 0 0 0 14 16 18 19 22 26 29 33 36 39 26 29 33 36 40 21 24 27 30 33 16 18 21 24 26 
30 1189 5
9 10 12 14 16 22 25 28 30 34 15 17 19 21 22 14 16 18 19 21 8 9 10 11 14 10 11 13 14 17 23 26 29 32 36 0 0 0 0 0 20 22 25 28 32 
24 27 31 34 37 27 30 34 38 41 23 26 29 31 35 16 18 20 23 24 0 0 0 0 0 27 30 34 37 41 12 14 16 18 19 23 26 29 31 36 24 27 30 34 36 
13 15 17 18 22 24 27 31 34 38 24 27 30 33 38 0 0 0 0 0 11 12 14 15 18 24 27 31 34 37 24 27 30 34 37 17 19 22 24 27 24 27 30 34 38 
14 16 18 20 21 0 0 0 0 0 25 28 32 35 39 15 17 19 20 23 24 27 30 34 38 16 18 20 23 24 8 9 11 12 15 12 14 16 17 21 17 19 22 25 27 
0 0 0 0 0 16 18 20 22 26 24 27 31 34 37 12 13 15 17 20 21 24 27 29 32 27 30 34 37 40 21 24 27 30 34 25 28 32 35 38 12 13 15 16 18 
31 1808 6
17 19 22 25 26 14 16 18 19 21 21 24 27 30 32 23 26 29 32 36 18 20 23 25 28 13 15 17 19 21 19 21 24 26 29 16 18 21 23 27 0 0 0 0 0 
0 0 0 0 0 24 27 31 34 37 9 10 12 13 15 11 12 14 16 16 12 14 16 17 20 12 13 15 16 20 17 19 22 24 27 8 9 11 13 13 27 30 34 38 40 
21 24 27 30 34 0 0 0 0 0 12 13 15 16 18 18 20 23 25 28 15 17 19 20 24 27 30 34 38 41 20 23 26 29 33 26 29 33 36 40 16 18 20 23 24 
20 23 26 29 32 17 19 22 24 26 26 29 33 36 39 15 17 19 21 24 20 23 26 28 32 16 18 21 23 27 12 14 16 17 21 12 14 16 18 19 0 0 0 0 0 
25 28 32 35 38 20 23 26 28 31 17 19 22 25 28 22 25 28 31 33 16 18 20 23 25 8 9 10 12 12 0 0 0 0 0 22 25 28 31 33 14 16 18 20 23 
0 0 0 0 0 22 25 28 31 35 9 10 12 14 16 15 17 19 20 23 11 12 14 16 17 12 13 15 17 18 9 10 12 14 14 22 25 28 30 33 19 21 24 26 30 
32 2958 7
16 18 20 22 25 22 25 28 31 33 24 27 31 35 37 24 27 31 35 39 0 0 0 0 0 9 10 12 14 14 20 23 26 28 31 14 16 18 19 22 18 20 23 25 29 
23 26 29 31 34 0 0 0 0 0 27 30 34 38 42 26 29 33 36 39 24 27 31 34 37 12 14 16 18 21 26 29 33 37 41 27 30 34 38 42 14 16 18 19 23 
21 24 27 29 32 14 16 18 19 22 10 11 13 15 16 14 16 18 20 22 12 13 15 16 20 15 17 19 21 24 21 24 27 29 34 12 14 16 18 21 0 0 0 0 0 
16 18 21 23 27 24 27 30 33 36 23 26 29 32 34 11 12 14 16 16 17 19 22 24 26 25 28 32 35 40 17 19 22 24 28 10 11 13 15 16 0 0 0 0 0 
0 0 0 0 0 23 26 29 32 35 25 28 32 35 38 26 29 33 37 39 22 25 28 31 34 16 18 20 23 26 24 27 31 34 37 8 9 10 11 14 11 12 14 16 18 
0 0 0 0 0 18 20 23 25 27 18 20 23 26 27 24 27 30 34 36 8 9 10 12 13 12 13 15 17 18 24 27 30 33 37 8 9 10 12 14 24 27 30 33 38 
12 14 16 18 20 10 11 13 14 15 11 12 14 15 18 10 11 13 15 15 0 0 0 0 0 8 9 10 12 14 22 25 28 30 33 14 16 18 19 21 17 19 22 25 27 
33 2227 8
8 9 11 12 14 19 21 24 26 28 8 9 11 13 14 18 20 23 25 29 16 18 21 23 25 0 0 0 0 0 12 13 15 16 19 12 13 15 16 18 24 27 30 34 36 
18 20 23 26 29 19 21 24 27 30 20 22 25 28 31 26 29 33 36 39 13 15 17 19 22 20 22 25 27 31 20 23 26 29 33 27 30 34 38 41 0 0 0 0 0 
14 16 18 19 22 16 18 21 24 25 26 29 33 37 41 16 18 20 23 25 8 9 11 13 15 12 14 16 18 21 26 29 33 37 41 0 0 0 0 0 24 27 31 34 37 
16 18 21 24 25 21 24 27 30 34 20 23 26 29 31 17 19 22 25 27 27 30 34 38 40 13 15 17 19 20 10 11 13 14 16 12 14 16 18 19 0 0 0 0 0 
0 0 0 0 0 24 27 30 33 36 14 16 18 19 23 20 22 25 27 30 24 27 31 34 39 17 19 22 25 28 8 9 11 12 14 16 18 21 24 26 23 26 29 32 35 
23 26 29 31 36 8 9 11 13 14 27 30 34 37 41 18 20 23 26 28 8 9 11 12 15 26 29 33 37 39 0 0 0 0 0 10 11 13 14 17 13 15 17 19 22 
24 27 30 33 38 16 18 20 22 26 16 18 20 23 24 17 19 22 25 28 0 0 0 0 0 15 17 19 21 22 22 25 28 31 33 12 14 16 18 19 20 22 25 28 31 
10 11 13 15 15 24 27 31 35 38 20 23 26 28 32 22 25 28 30 34 0 0 0 0 0 15 17 19 21 23 19 21 24 27 28 21 24 27 30 34 13 15 17 18 20 
34 1641 8
0 0 0 0 0 20 22 25 27 31 16 18 20 23 25 12 13 15 16 19 11 12 14 16 16 12 13 15 17 18 20 22 25 28 31 9 10 12 14 15 22 25 28 31 35 
14 16 18 19 23 0 0 0 0 0 17 19 22 24 28 8 9 10 11 12 11 12 14 16 17 19 21 24 27 28 26 29 33 36 40 12 13 15 16 19 20 22 25 27 31 
21 24 27 29 33 16 18 20 22 24 8 9 10 12 13 9 10 12 13 15 23 26 29 31 34 16 18 20 23 24 0 0 0 0 0 24 27 31 35 38 15 17 19 21 24 
11 12 14 16 16 26 29 33 36 41 27 30 34 38 42 22 25 28 30 34 16 18 21 24 27 0 0 0 0 0 12 14 16 17 20 19 21 24 27 30 14 16 18 19 21 
23 26 29 32 36 9 10 12 13 15 0 0 0 0 0 13 15 17 18 21 18 20 23 26 28 16 18 21 23 27 8 9 10 12 13 24 27 30 33 36 23 26 29 32 35 
19 21 24 26 28 13 15 17 19 20 26 29 33 37 40 13 15 17 18 21 21 24 27 30 33 12 14 16 18 20 24 27 30 33 36 0 0 0 0 0 21 24 27 30 34 
24 27 31 34 38 25 28 32 35 40 10 11 13 14 15 25 28 32 36 40 12 13 15 16 18 0 0 0 0 0 15 17 19 20 23 25 28 32 36 38 10 11 13 15 16 
11 12 14 15 17 11 12 14 15 16 24 27 31 34 39 15 17 19 21 22 21 24 27 30 32 17 19 22 24 26 12 14 16 17 21 17 19 22 25 26 0 0 0 0 0 
35 1396 7
8 9 11 12 13 0 0 0 0 0 20 23 26 28 31 22 25 28 31 34 18 20 23 26 27 11 12 14 15 17 8 9 10 12 13 10 11 13 14 15 12 13 15 16 19 
8 9 10 11 13 24 27 31 35 39 20 23 26 29 32 0 0 0 0 0 9 10 12 14 15 24 27 30 33 36 27 30 34 38 41 19 21 24 26 28 19 21 24 27 30 
15 17 19 21 24 25 28 32 36 40 10 11 13 14 16 24 27 30 33 37 16 18 20 22 26 27 30 34 38 42 10 11 13 15 16 0 0 0 0 0 22 25 28 30 34 
20 23 26 28 33 27 30 34 38 42 11 12 14 16 16 12 13 15 16 19 0 0 0 0 0 18 20 23 26 27 20 22 25 28 31 22 25 28 31 35 20 23 26 29 32 
20 23 26 29 31 9 10 12 13 14 10 11 13 15 16 8 9 10 11 14 13 15 17 19 20 20 23 26 29 31 25 28 32 35 39 24 27 30 34 38 0 0 0 0 0 
24 27 31 35 39 23 26 29 32 36 16 18 21 24 27 20 23 26 29 31 0 0 0 0 0 24 27 30 34 36 16 18 20 22 25 12 14 16 18 21 13 15 17 19 22 
26 29 33 37 39 16 18 21 24 27 21 24 27 30 34 19 21 24 27 29 27 30 34 38 41 8 9 10 11 14 8 9 10 11 14 24 27 30 33 36 0 0 0 0 0 
36 2262 4
27 30 34 38 41 21 24 27 30 33 13 15 17 18 22 20 22 25 27 30 20 22 25 27 32 0 0 0 0 0 17 19 22 24 26 13 15 17 19 21 20 22 25 27 32 
8 9 11 13 15 24 27 31 34 37 25 28 32 36 38 12 14 16 17 20 11 12 14 16 16 15 17 19 21 24 12 14 16 17 21 18 20 23 25 29 0 0 0 0 0 
27 30 34 37 42 14 16 18 19 23 0 0 0 0 0 15 17 19 20 22 12 13 15 16 20 27 30 34 38 41 12 13 15 16 19 14 16 18 19 23 24 27 31 34 37 
13 15 17 18 22 8 9 11 13 14 0 0 0 0 0 14 16 18 19 21 27 30 34 38 40 11 12 14 15 16 16 18 20 22 26 12 13 15 16 18 18 20 23 25 29 
37 1834 6
16 18 20 23 25 20 22 25 28 30 0 0 0 0 0 27 30 34 38 41 18 20 23 25 27 24 27 31 35 37 19 21 24 26 29 12 13 15 17 20 11 12 14 16 16 
20 22 25 28 31 22 25 28 30 34 21 24 27 30 34 12 13 15 17 20 20 22 25 28 32 21 24 27 30 34 23 26 29 32 35 9 10 12 14 14 0 0 0 0 0 
23 26 29 32 35 10 11 13 15 17 12 14 16 18 19 22 25 28 30 34 21 24 27 30 33 16 18 21 23 25 23 26 29 31 36 0 0 0 0 0 8 9 10 12 12 
11 12 14 16 18 20 22 25 27 32 8 9 10 11 12 12 13 15 16 19 0 0 0 0 0 11 12 14 16 18 12 13 15 16 18 24 27 31 35 39 24 27 31 34 39 
16 18 20 22 26 9 10 12 14 15 8 9 11 12 15 26 29 33 36 40 0 0 0 0 0 24 27 31 35 38 25 28 32 35 38 13 15 17 19 21 17 19 22 24 26 
24 27 31 35 39 0 0 0 0 0 12 13 15 17 19 12 14 16 17 19 20 22 25 27 31 24 27 31 35 39 10 11 13 15 16 19 21 24 27 28 15 17 19 21 23 
38 1229 8
24 27 30 33 37 8 9 11 12 15 14 16 18 19 21 20 22 25 28 30 20 22 25 28 31 13 15 17 18 22 0 0 0 0 0 12 13 15 17 20 24 27 30 33 36 
8 9 11 13 15 25 28 32 36 38 8 9 11 12 13 8 9 11 12 13 0 0 0 0 0 24 27 31 35 39 13 15 17 19 22 9 10 12 14 15 22 25 28 31 35 
14 16 18 20 21 21 24 27 30 33 0 0 0 0 0 16 18 20 22 26 24 27 31 34 39 22 25 28 31 33 16 18 20 22 24 15 17 19 21 23 19 21 24 27 28 
23 26 29 32 35 12 13 15 16 19 23 26 29 31 34 9 10 12 13 16 0 0 0 0 0 17 19 22 24 28 19 21 24 27 29 18 20 23 25 29 19 21 24 26 28 
0 0 0 0 0 22 25 28 31 34 24 27 31 34 37 18 20 23 25 28 14 16 18 20 23 17 19 22 24 27 10 11 13 14 17 16 18 21 24 27 26 29 33 36 41 
0 0 0 0 0 8 9 10 11 12 23 26 29 32 34 21 24 27 30 32 17 19 22 24 27 11 12 14 16 17 21 24 27 29 32 12 13 15 17 20 12 14 16 18 19 
9 10 12 13 16 24 27 30 34 36 20 23 26 28 31 23 26 29 32 35 17 19 22 24 26 11 12 14 15 16 18 20 23 26 28 24 27 30 34 38 0 0 0 0 0 
10 11 13 14 15 23 26 29 31 35 8 9 10 12 12 23 26 29 31 34 10 11 13 14 16 24 27 31 35 39 23 26 29 32 35 0 0 0 0 0 27 30 34 38 41 
39 1434 7
20 23 26 29 32 11 12 14 16 16 16 18 20 23 26 12 14 16 18 19 8 9 10 11 13 24 27 30 33 38 27 30 34 37 40 0 0 0 0 0 12 14 16 18 21 
26 29 33 36 40 9 10 12 13 16 22 25 28 31 34 23 26 29 31 36 26 29 33 37 40 0 0 0 0 0 18 20 23 26 29 21 24 27 29 33 21 24 27 29 33 
27 30 34 37 40 17 19 22 24 26 24 27 31 34 38 18 20 23 26 28 26 29 33 37 40 20 23 26 28 32 19 21 24 27 29 0 0 0 0 0 19 21 24 27 29 
19 21 24 26 30 0 0 0 0 0 12 13 15 16 19 23 26 29 32 34 22 25 28 30 35 16 18 21 23 27 22 25 28 30 33 24 27 30 33 36 18 20 23 26 28 
16 18 20 23 25 0 0 0 0 0 16 18 20 23 25 23 26 29 32 36 22 25 28 30 33 15 17 19 21 22 20 23 26 28 32 18 20 23 25 28 20 23 26 29 33 
27 30 34 38 41 0 0 0 0 0 9 10 12 14 16 22 25 28 30 33 13 15 17 18 21 24 27 30 34 36 24 27 30 33 37 17 19 22 24 28 16 18 21 24 26 
16 18 20 22 25 20 22 25 27 32 24 27 31 34 39 13 15 17 19 20 12 13 15 16 20 20 22 25 28 32 0 0 0 0 0 11 12 14 15 18 24 27 30 34 37 
40 1003 8
27 30 34 38 41 10 11 13 14 15 12 13 15 16 19 21 24 27 30 32 12 13 15 17 20 17 19 22 24 28 0 0 0 0 0 18 20 23 25 27 22 25 28 30 34 
0 0 0 0 0 15 17 19 20 24 11 12 14 15 16 23 26 29 31 36 18 20 23 25 29 21 24 27 29 32 25 28 32 35 38 16 18 20 22 25 19 21 24 26 29 
22 25 28 31 35 0 0 0 0 0 14 16 18 19 23 8 9 10 12 13 12 14 16 17 20 16 18 21 24 27 22 25 28 30 35 10 11 13 15 16 27 30 34 38 40 
22 25 28 30 33 10 11 13 15 16 14 16 18 20 22 16 18 20 23 26 21 24 27 30 32 10 11 13 15 16 11 12 14 15 17 0 0 0 0 0 15 17 19 21 23 
12 14 16 18 20 21 24 27 30 32 22 25 28 31 33 12 13 15 16 19 0 0 0 0 0 26 29 33 36 39 18 20 23 25 29 25 28 32 35 38 23 26 29 32 35 
23 26 29 31 34 13 15 17 18 20 16 18 21 23 27 12 14 16 18 21 0 0 0 0 0 12 14 16 17 20 15 17 19 21 24 22 25 28 31 35 17 19 22 25 27 
24 27 31 35 38 20 23 26 28 33 22 25 28 31 34 22 25 28 31 34 24 27 30 34 36 12 13 15 16 18 27 30 34 38 41 0 0 0 0 0 8 9 11 13 14 
25 28 32 35 40 13 15 17 19 22 20 22 25 27 30 19 21 24 26 28 23 26 29 32 34 0 0 0 0 0 24 27 30 34 37 11 12 14 15 16 12 14 16 18 20 
41 1824 4
21 24 27 30 34 8 9 10 12 12 20 23 26 28 32 21 24 27 29 32 24 27 30 33 37 27 30 34 38 41 27 30 34 38 41 25 28 32 36 38 0 0 0 0 0 
0 0 0 0 0 23 26 29 31 35 11 12 14 15 16 17 19 22 25 28 20 22 25 27 30 22 25 28 30 33 12 14 16 17 20 12 13 15 17 20 24 27 30 34 36 
8 9 10 11 14 25 28 32 36 40 24 27 30 33 37 19 21 24 27 28 0 0 0 0 0 15 17 19 20 22 10 11 13 14 16 14 16 18 20 22 12 14 16 17 19 
19 21 24 26 30 15 17 19 20 22 16 18 20 22 26 8 9 11 12 13 14 16 18 19 23 9 10 12 14 15 0 0 0 0 0 17 19 22 24 26 9 10 12 14 15 
42 1772 4
0 0 0 0 0 15 17 19 20 23 14 16 18 20 23 10 11 13 14 17 14 16 18 19 21 21 24 27 30 34 10 11 13 15 15 24 27 31 34 37 11 12 14 15 16 
16 18 20 23 26 12 14 16 18 20 9 10 12 14 16 27 30 34 37 41 9 10 12 14 15 12 14 16 17 21 11 12 14 16 16 20 23 26 28 31 0 0 0 0 0 
17 19 22 24 28 14 16 18 20 22 0 0 0 0 0 19 21 24 27 28 14 16 18 19 21 20 22 25 27 30 14 16 18 20 21 22 25 28 31 33 10 11 13 15 16 
26 29 33 36 40 20 23 26 28 33 0 0 0 0 0 12 13 15 17 19 13 15 17 18 20 23 26 29 32 35 20 22 25 28 31 8 9 10 12 13 26 29 33 36 40 
43 2493 6
11 12 14 15 17 24 27 30 34 36 26 29 33 37 41 0 0 0 0 0 15 17 19 20 22 24 27 30 33 38 25 28 32 36 39 21 24 27 30 34 22 25 28 30 33 
8 9 10 12 13 12 13 15 16 18 20 23 26 29 31 26 29 33 37 39 25 28 32 36 39 21 24 27 30 33 19 21 24 27 30 0 0 0 0 0 22 25 28 31 33 
26 29 33 36 40 20 22 25 28 31 12 14 16 17 20 25 28 32 35 38 0 0 0 0 0 9 10 12 13 14 15 17 19 21 23 21 24 27 29 34 20 23 26 29 32 
0 0 0 0 0 13 15 17 19 22 25 28 32 36 39 9 10 12 13 16 8 9 10 11 14 8 9 10 12 14 9 10 12 14 16 17 19 22 24 28 12 13 15 17 19 
21 24 27 30 34 10 11 13 15 15 0 0 0 0 0 21 24 27 29 34 21 24 27 29 33 26 29 33 37 41 8 9 10 12 12 21 24 27 29 34 9 10 12 13 16 
27 30 34 38 40 13 15 17 18 22 15 17 19 21 22 0 0 0 0 0 26 29 33 37 40 22 25 28 31 34 17 19 22 24 26 12 14 16 18 21 20 22 25 27 30 
44 1151 6
27 30 34 38 42 20 22 25 27 32 12 14 16 18 19 13 15 17 19 22 16 18 21 24 27 12 13 15 16 19 8 9 10 12 13 0 0 0 0 0 23 26 29 32 34 
25 28 32 36 38 0 0 0 0 0 15 17 19 20 24 27 30 34 37 40 14 16 18 19 23 26 29 33 37 41 23 26 29 31 36 8 9 11 13 13 25 28 32 35 38 
26 29 33 36 40 26 29 33 37 39 21 24 27 29 32 18 20 23 26 27 18 20 23 26 28 0 0 0 0 0 16 18 21 24 25 20 22 25 28 32 23 26 29 32 36 
27 30 34 38 40 11 12 14 16 17 0 0 0 0 0 17 19 22 25 26 13 15 17 19 22 20 22 25 27 30 13 15 17 18 22 16 18 21 23 27 18 20 23 25 29 
20 22 25 28 30 12 13 15 17 19 12 14 16 18 20 12 14 16 17 20 26 29 33 36 41 8 9 10 11 14 19 21 24 26 29 26 29 33 36 40 0 0 0 0 0 
25 28 32 36 39 14 16 18 20 21 12 13 15 16 18 13 15 17 18 21 18 20 23 25 28 9 10 12 13 16 16 18 20 23 26 0 0 0 0 0 23 26 29 31 36 
45 1499 6
8 9 11 12 14 17 19 22 24 27 26 29 33 36 39 21 24 27 30 33 15 17 19 20 24 8 9 10 11 13 10 11 13 15 17 25 28 32 35 39 0 0 0 0 0 
16 18 20 22 26 12 13 15 16 20 24 27 30 33 36 8 9 11 12 14 23 26 29 32 34 26 29 33 36 41 9 10 12 14 14 9 10 12 14 14 0 0 0 0 0 
8 9 11 13 14 10 11 13 15 17 14 16 18 20 21 23 26 29 32 35 21 24 27 30 34 27 30 34 37 40 12 13 15 16 18 20 23 26 28 31 0 0 0 0 0 
17 19 22 24 26 0 0 0 0 0 27 30 34 37 40 12 13 15 17 19 20 23 26 28 33 19 21 24 27 29 18 20 23 25 29 12 13 15 16 20 18 20 23 26 29 
21 24 27 30 34 15 17 19 21 24 21 24 27 30 32 15 17 19 20 22 20 23 26 29 33 14 16 18 20 23 8 9 10 11 12 0 0 0 0 0 24 27 31 35 38 
0 0 0 0 0 25 28 32 35 39 8 9 11 13 13 21 24 27 29 34 12 13 15 16 18 18 20 23 26 29 24 27 30 34 36 25 28 32 35 39 12 13 15 16 20 
46 2431 6
15 17 19 20 23 23 26 29 31 34 19 21 24 26 30 0 0 0 0 0 25 28 32 35 39 10 11 13 15 17 20 22 25 27 30 20 23 26 29 33 15 17 19 21 22 
20 23 26 29 31 9 10 12 13 14 11 12 14 16 18 21 24 27 30 32 13 15 17 19 21 0 0 0 0 0 13 15 17 18 22 21 24 27 30 34 12 13 15 16 19 
27 30 34 37 41 24 27 30 34 38 8 9 11 13 14 0 0 0 0 0 21 24 27 29 34 21 24 27 29 34 12 14 16 18 20 22 25 28 31 35 12 13 15 17 20 
13 15 17 18 21 25 28 32 36 40 10 11 13 15 17 20 22 25 28 30 12 14 16 18 21 12 14 16 17 19 10 11 13 14 17 24 27 31 34 38 0 0 0 0 0 
15 17 19 20 24 12 14 16 17 21 18 20 23 25 29 26 29 33 36 40 18 20 23 25 29 15 17 19 21 24 0 0 0 0 0 9 10 12 14 14 16 18 21 23 26 
18 20 23 25 29 22 25 28 30 33 0 0 0 0 0 8 9 11 12 15 24 27 31 35 37 16 18 21 23 27 13 15 17 19 20 8 9 11 13 15 20 23 26 28 33 
47 1654 8
20 22 25 28 32 21 24 27 30 34 15 17 19 21 22 0 0 0 0 0 21 24 27 30 32 13 15 17 18 20 27 30 34 37 42 13 15 17 18 21 15 17 19 20 22 
17 19 22 24 26 21 24 27 29 32 0 0 0 0 0 14 16 18 20 22 12 14 16 17 19 16 18 21 23 25 21 24 27 29 33 14 16 18 19 21 12 13 15 16 20 
26 29 33 37 39 19 21 24 27 29 0 0 0 0 0 11 12 14 16 17 24 27 30 33 36 14 16 18 20 21 21 24 27 30 32 19 21 24 27 30 15 17 19 20 22 
13 15 17 18 21 0 0 0 0 0 19 21 24 26 30 23 26 29 31 34 13 15 17 19 21 8 9 10 11 12 25 28 32 36 40 15 17 19 20 23 23 26 29 31 34 
15 17 19 21 24 10 11 13 14 15 10 11 13 15 15 0 0 0 0 0 8 9 11 13 14 24 27 30 33 36 19 21 24 26 28 27 30 34 38 41 25 28 32 35 40 
0 0 0 0 0 22 25 28 30 34 24 27 30 33 36 14 16 18 19 23 20 22 25 27 30 24 27 31 34 39 22 25 28 30 35 25 28 32 36 40 14 16 18 19 21 
8 9 11 12 13 0 0 0 0 0 16 18 20 22 24 26 29 33 36 40 24 27 31 34 38 25 28 32 36 40 26 29 33 37 39 23 26 29 31 34 8 9 11 12 15 
27 30 34 38 42 13 15 17 19 22 14 16 18 19 23 26 29 33 37 40 17 19 22 24 26 24 27 31 35 39 0 0 0 0 0 10 11 13 14 15 17 19 22 24 27 
48 1472 8
12 14 16 17 19 0 0 0 0 0 24 27 30 33 38 9 10 12 13 14 20 22 25 27 30 24 27 31 35 38 27 30 34 37 41 20 23 26 28 32 23 26 29 31 36 
8 9 10 11 14 21 24 27 29 34 13 15 17 19 21 19 21 24 26 30 17 19 22 24 27 15 17 19 20 22 14 16 18 19 22 0 0 0 0 0 16 18 20 23 24 
0 0 0 0 0 25 28 32 35 38 8 9 10 11 13 18 20 23 26 29 20 23 26 28 32 8 9 11 12 14 16 18 21 23 25 15 17 19 20 22 12 14 16 17 20 
8 9 10 11 12 0 0 0 0 0 12 14 16 17 21 23 26 29 31 36 26 29 33 37 39 12 13 15 17 19 23 26 29 32 34 25 28 32 35 39 12 14 16 18 20 
18 20 23 25 27 15 17 19 21 22 9 10 12 14 14 24 27 30 34 36 26 29 33 37 41 12 14 16 18 21 0 0 0 0 0 25 28 32 36 38 16 18 21 23 26 
10 11 13 15 16 17 19 22 24 27 16 18 21 24 27 26 29 33 36 40 16 18 21 24 26 27 30 34 38 40 0 0 0 0 0 8 9 11 12 14 21 24 27 30 33 
16 18 20 23 24 0 0 0 0 0 16 18 21 24 25 26 29 33 37 39 27 30 34 38 40 8 9 10 11 13 27 30 34 38 42 24 27 31 34 38 10 11 13 15 16 
24 27 31 34 37 20 22 25 28 32 15 17 19 21 23 0 0 0 0 0 12 13 15 17 18 26 29 33 37 39 18 20 23 26 28 25 28 32 35 38 20 22 25 27 31 
49 1803 5
10 11 13 15 15 25 28 32 35 39 10 11 13 15 16 0 0 0 0 0 27 30 34 37 42 9 10 12 13 14 12 14 16 17 21 10 11 13 14 17 13 15 17 19 22 
22 25 28 31 33 24 27 31 34 37 0 0 0 0 0 27 30 34 38 42 16 18 20 23 24 18 20 23 26 28 25 28 32 36 38 16 18 21 23 25 20 23 26 28 33 
9 10 12 13 16 10 11 13 15 17 8 9 10 12 13 25 28 32 36 40 16 18 21 23 26 25 28 32 36 39 0 0 0 0 0 20 23 26 28 33 12 14 16 17 20 
9 10 12 14 16 12 13 15 17 19 20 23 26 28 31 20 22 25 28 32 24 27 31 35 38 16 18 20 22 25 13 15 17 19 20 18 20 23 25 27 0 0 0 0 0 
8 9 11 13 15 26 29 33 36 39 25 28 32 35 38 27 30 34 38 42 8 9 11 13 13 0 0 0 0 0 8 9 11 12 15 11 12 14 16 16 16 18 21 24 25 
50 2779 6
8 9 10 11 13 16 18 21 23 25 16 18 20 22 26 19 21 24 26 30 23 26 29 32 35 24 27 30 33 36 0 0 0 0 0 8 9 10 12 14 19 21 24 26 28 
21 24 27 30 34 24 27 30 34 38 21 24 27 30 34 12 13 15 16 20 15 17 19 21 22 16 18 21 23 25 0 0 0 0 0 16 18 21 23 25 12 13 15 17 20 
14 16 18 19 22 22 25 28 31 34 21 24 27 30 32 13 15 17 19 21 0 0 0 0 0 17 19 22 25 28 27 30 34 37 41 16 18 21 24 25 8 9 11 13 14 
23 26 29 32 34 24 27 30 33 36 25 28 32 36 39 9 10 12 14 14 25 28 32 35 39 21 24 27 30 33 19 21 24 26 28 22 25 28 31 35 0 0 0 0 0 
11 12 14 15 17 11 12 14 16 18 20 23 26 28 31 12 14 16 18 19 17 19 22 25 28 8 9 10 12 14 15 17 19 21 23 16 18 20 22 26 0 0 0 0 0 
11 12 14 16 16 22 25 28 30 33 0 0 0 0 0 19 21 24 26 29 25 28 32 36 40 9 10 12 14 16 14 16 18 20 21 14 16 18 19 23 16 18 21 23 27 
51 2519 5
18 20 23 25 29 10 11 13 14 15 10 11 13 15 15 20 22 25 28 31 18 20 23 26 29 0 0 0 0 0 9 10 12 14 16 25 28 32 35 39 25 28 32 35 38 
10 11 13 14 17 12 13 15 17 18 10 11 13 15 16 0 0 0 0 0 21 24 27 29 34 21 24 27 29 32 8 9 10 12 12 12 13 15 16 18 12 14 16 18 20 
21 24 27 29 34 17 19 22 25 27 16 18 21 23 27 10 11 13 14 15 0 0 0 0 0 8 9 10 12 14 14 16 18 20 23 20 23 26 28 32 15 17 19 21 24 
20 22 25 27 30 20 22 25 28 30 25 28 32 36 38 15 17 19 20 23 14 16 18 20 21 8 9 11 12 14 18 20 23 25 27 21 24 27 30 33 0 0 0 0 0 
23 26 29 32 34 25 28 32 36 38 13 15 17 18 20 8 9 10 12 14 12 14 16 18 21 16 18 20 23 25 0 0 0 0 0 24 27 30 33 38 23 26 29 32 36 
52 2166 6
22 25 28 31 35 27 30 34 37 40 14 16 18 19 22 0 0 0 0 0 20 22 25 27 30 20 22 25 27 30 12 14 16 18 19 24 27 30 33 38 20 22 25 27 32 
19 21 24 27 30 12 14 16 18 19 8 9 10 12 13 8 9 11 12 15 26 29 33 36 41 12 13 15 16 20 24 27 31 34 37 0 0 0 0 0 17 19 22 24 26 
25 28 32 35 39 27 30 34 37 40 9 10 12 14 15 20 22 25 28 31 0 0 0 0 0 12 14 16 18 20 13 15 17 18 22 16 18 21 24 26 17 19 22 24 26 
20 22 25 27 30 15 17 19 20 23 12 13 15 16 18 26 29 33 37 40 12 14 16 17 19 11 12 14 16 18 26 29 33 36 40 26 29 33 36 39 0 0 0 0 0 
17 19 22 25 26 18 20 23 25 28 22 25 28 31 35 26 29 33 37 39 20 22 25 27 32 12 13 15 16 18 26 29 33 37 41 0 0 0 0 0 16 18 21 23 25 
12 14 16 17 20 0 0 0 0 0 18 20 23 25 27 13 15 17 18 21 24 27 31 35 37 27 30 34 37 40 11 12 14 15 16 9 10 12 14 15 21 24 27 29 32 
53 2213 7
23 26 29 31 35 25 28 32 36 40 18 20 23 26 28 0 0 0 0 0 20 22 25 28 30 21 24 27 30 32 27 30 34 38 40 11 12 14 15 17 22 25 28 30 34 
23 26 29 31 34 0 0 0 0 0 18 20 23 25 27 20 23 26 29 33 17 19 22 24 28 27 30 34 38 41 13 15 17 19 20 20 22 25 28 30 10 11 13 15 15 
19 21 24 27 30 12 14 16 17 20 16 18 21 23 27 16 18 20 22 26 24 27 30 34 38 15 17 19 21 23 16 18 20 23 25 13 15 17 18 20 0 0 0 0 0 
18 20 23 26 27 9 10 12 14 16 13 15 17 18 21 24 27 31 34 39 12 13 15 17 19 15 17 19 21 22 0 0 0 0 0 15 17 19 20 23 23 26 29 32 36 
16 18 20 23 25 14 16 18 20 21 16 18 20 23 25 0 0 0 0 0 24 27 30 34 37 17 19 22 24 26 17 19 22 25 28 15 17 19 21 23 24 27 30 34 38 
25 28 32 35 38 23 26 29 31 35 0 0 0 0 0 12 14 16 17 21 17 19 22 24 26 27 30 34 38 41 26 29 33 36 39 16 18 20 22 24 11 12 14 15 16 
27 30 34 38 42 26 29 33 36 41 24 27 31 34 37 10 11 13 14 16 22 25 28 30 34 8 9 10 11 13 0 0 0 0 0 9 10 12 14 16 25 28 32 36 40 
54 1829 4
12 13 15 16 18 27 30 34 37 41 20 23 26 29 33 12 13 15 16 18 14 16 18 19 21 20 23 26 28 31 8 9 10 12 14 23 26 29 32 34 0 0 0 0 0 
16 18 20 22 26 15 17 19 21 24 22 25 28 31 34 8 9 11 13 13 21 24 27 30 34 9 10 12 14 16 0 0 0 0 0 13 15 17 18 20 12 13 15 17 18 
0 0 0 0 0 21 24 27 29 32 18 20 23 25 28 23 26 29 31 35 26 29 33 36 39 11 12 14 16 17 8 9 11 12 15 27 30 34 37 41 11 12 14 15 17 
25 28 32 35 40 21 24 27 29 32 0 0 0 0 0 20 23 26 28 33 18 20 23 25 27 26 29 33 36 39 25 28 32 36 40 22 25 28 30 33 10 11 13 15 17 
55 1063 5
9 10 12 13 14 12 13 15 17 18 11 12 14 15 17 12 14 16 18 19 0 0 0 0 0 13 15 17 19 22 14 16 18 20 22 15 17 19 20 22 24 27 31 34 37 
16 18 20 23 25 0 0 0 0 0 27 30 34 38 40 12 13 15 17 19 17 19 22 24 28 20 22 25 28 30 15 17 19 20 22 12 14 16 18 21 26 29 33 36 39 
21 24 27 29 32 16 18 21 23 26 0 0 0 0 0 15 17 19 21 24 21 24 27 29 33 17 19 22 24 27 23 26 29 31 36 14 16 18 20 21 22 25 28 30 33 
22 25 28 31 33 0 0 0 0 0 13 15 17 18 20 15 17 19 21 23 14 16 18 19 23 27 30 34 38 41 12 14 16 18 19 22 25 28 31 33 24 27 31 34 38 
26 29 33 37 41 16 18 20 23 26 12 13 15 16 19 24 27 31 35 39 12 14 16 18 19 20 22 25 28 31 21 24 27 29 33 0 0 0 0 0 24 27 30 33 36 
56 1873 5
16 18 21 24 26 0 0 0 0 0 11 12 14 16 16 16 18 20 22 26 21 24 27 29 33 16 18 21 24 27 27 30 34 37 42 24 27 30 33 36 12 13 15 16 20 
20 23 26 29 31 18 20 23 25 29 15 17 19 21 23 8 9 11 13 15 12 14 16 17 20 0 0 0 0 0 8 9 10 11 12 13 15 17 18 22 25 28 32 36 39 
20 23 26 29 31 20 22 25 28 31 9 10 12 13 15 8 9 10 11 14 27 30 34 38 40 18 20 23 25 29 0 0 0 0 0 11 12 14 15 16 20 22 25 27 31 
11 12 14 16 18 24 27 31 34 39 15 17 19 21 23 22 25 28 31 34 27 30 34 37 41 27 30 34 37 42 27 30 34 38 40 0 0 0 0 0 24 27 30 33 38 
14 16 18 19 21 14 16 18 19 23 22 25 28 31 33 13 15 17 19 20 25 28 32 36 39 16 18 21 24 26 0 0 0 0 0 11 12 14 16 16 9 10 12 14 16 
57 2419 6
16 18 21 23 27 20 23 26 29 32 20 23 26 28 33 16 18 21 24 26 0 0 0 0 0 10 11 13 14 16 21 24 27 29 34 8 9 11 12 15 25 28 32 36 38 
16 18 20 23 25 24 27 30 33 38 26 29 33 36 40 20 23 26 29 33 19 21 24 27 28 0 0 0 0 0 27 30 34 38 42 8 9 11 12 14 13 15 17 18 21 
8 9 10 11 14 19 21 24 26 28 20 23 26 29 32 20 23 26 29 33 21 24 27 30 32 20 23 26 29 31 0 0 0 0 0 24 27 30 34 38 12 14 16 18 21 
18 20 23 26 28 21 24 27 29 34 0 0 0 0 0 19 21 24 27 28 20 22 25 27 32 11 12 14 16 16 25 28 32 36 39 14 16 18 19 23 24 27 30 34 38 
8 9 10 11 14 0 0 0 0 0 19 21 24 27 28 20 23 26 28 33 25 28 32 36 40 12 14 16 17 20 13 15 17 18 21 9 10 12 14 15 12 14 16 17 20 
24 27 31 35 39 12 13 15 17 18 12 14 16 17 20 20 22 25 28 32 13 15 17 18 22 27 30 34 37 42 0 0 0 0 0 24 27 31 34 38 8 9 10 11 14 
58 2128 6
15 17 19 20 24 27 30 34 37 42 17 19 22 25 28 0 0 0 0 0 11 12 14 15 17 11 12 14 15 17 27 30 34 37 42 11 12 14 15 17 27 30 34 37 40 
24 27 31 34 37 14 16 18 19 23 11 12 14 15 16 23 26 29 31 36 9 10 12 14 14 0 0 0 0 0 16 18 20 22 25 24 27 31 34 38 12 14 16 18 19 
19 21 24 26 28 23 26 29 32 34 0 0 0 0 0 20 23 26 29 31 15 17 19 20 24 8 9 11 13 15 24 27 31 34 39 8 9 11 13 13 20 23 26 29 32 
21 24 27 30 34 0 0 0 0 0 18 20 23 25 29 19 21 24 26 28 18 20 23 25 28 12 13 15 17 19 9 10 12 13 15 22 25 28 31 33 22 25 28 31 35 
12 13 15 16 18 24 27 30 33 36 0 0 0 0 0 25 28 32 35 40 23 26 29 31 35 21 24 27 30 34 20 23 26 29 31 8 9 10 11 13 18 20 23 25 28 
11 12 14 15 16 19 21 24 26 30 8 9 10 11 12 0 0 0 0 0 21 24 27 30 33 21 24 27 30 32 8 9 11 12 15 17 19 22 25 27 16 18 20 22 26 
59 2301 6
23 26 29 31 36 10 11 13 14 15 8 9 11 12 15 11 12 14 15 18 0 0 0 0 0 14 16 18 20 23 11 12 14 15 17 8 9 10 11 13 20 22 25 28 32 
14 16 18 19 21 22 25 28 30 34 11 12 14 15 17 11 12 14 15 17 0 0 0 0 0 27 30 34 38 41 10 11 13 14 16 12 14 16 18 21 11 12 14 16 17 
0 0 0 0 0 27 30 34 37 40 9 10 12 13 15 20 23 26 29 31 9 10 12 13 14 23 26 29 32 36 26 29 33 37 41 19 21 24 26 28 17 19 22 24 28 
24 27 30 34 38 14 16 18 19 22 10 11 13 14 15 0 0 0 0 0 17 19 22 25 26 11 12 14 15 16 19 21 24 26 29 12 13 15 17 20 8 9 11 13 13 
22 25 28 30 34 11 12 14 16 18 17 19 22 25 27 12 14 16 17 20 8 9 11 12 14 11 12 14 16 16 23 26 29 31 36 16 18 20 23 24 0 0 0 0 0 
24 27 31 35 37 13 15 17 19 22 0 0 0 0 0 16 18 20 22 26 9 10 12 14 16 27 30 34 37 42 8 9 11 12 13 17 19 22 24 28 10 11 13 15 16 
60 1299 4
12 14 16 17 20 11 12 14 15 17 0 0 0 0 0 23 26 29 31 34 16 18 21 23 25 16 18 20 23 26 20 22 25 28 32 14 16 18 19 23 24 27 31 35 37 
23 26 29 32 34 11 12 14 15 18 24 27 31 35 38 22 25 28 31 34 12 13 15 17 20 26 29 33 36 39 26 29 33 37 40 23 26 29 31 36 0 0 0 0 0 
21 24 27 29 32 12 14 16 17 21 0 0 0 0 0 13 15 17 19 20 22 25 28 30 34 9 10 12 14 14 12 14 16 17 19 25 28 32 35 38 17 19 22 25 26 
11 12 14 16 16 12 14 16 18 20 18 20 23 26 28 12 14 16 17 21 21 24 27 30 32 12 13 15 16 20 24 27 31 35 37 23 26 29 31 34 0 0 0 0 0 
61 1929 8
13 15 17 19 20 0 0 0 0 0 12 14 16 18 19 11 12 14 16 18 26 29 33 36 40 10 11 13 15 16 15 17 19 20 24 21 24 27 30 33 9 10 12 13 15 
8 9 11 13 15 27 30 34 37 41 14 16 18 19 22 0 0 0 0 0 24 27 30 33 36 15 17 19 20 23 13 15 17 19 20 11 12 14 16 16 12 13 15 16 18 
12 13 15 17 18 12 13 15 17 18 0 0 0 0 0 14 16 18 19 21 14 16 18 20 22 19 21 24 27 30 14 16 18 20 22 10 11 13 15 17 27 30 34 38 41 
27 30 34 38 40 11 12 14 16 18 12 13 15 16 20 23 26 29 31 36 8 9 11 12 14 26 29 33 37 39 10 11 13 15 16 0 0 0 0 0 12 14 16 18 19 
8 9 11 13 15 25 28 32 36 38 16 18 20 23 24 19 21 24 27 28 15 17 19 21 24 16 18 21 24 26 15 17 19 21 24 0 0 0 0 0 11 12 14 15 17 
8 9 10 11 12 24 27 31 34 39 14 16 18 19 22 22 25 28 30 34 8 9 10 12 14 9 10 12 14 14 22 25 28 31 33 27 30 34 37 40 0 0 0 0 0 
12 13 15 16 19 12 14 16 18 20 12 14 16 17 21 22 25 28 30 33 16 18 21 24 26 16 18 21 23 25 17 19 22 24 28 0 0 0 0 0 12 13 15 16 18 
0 0 0 0 0 16 18 21 23 26 12 14 16 17 21 26 29 33 37 40 14 16 18 19 23 23 26 29 31 34 16 18 21 23 26 18 20 23 25 27 8 9 11 13 15 
62 2549 6
15 17 19 20 22 20 23 26 28 32 0 0 0 0 0 11 12 14 15 16 20 22 25 27 31 12 14 16 18 20 11 12 14 16 16 20 23 26 29 33 14 16 18 19 23 
0 0 0 0 0 12 13 15 17 18 24 27 31 35 37 17 19 22 24 28 22 25 28 30 33 22 25 28 31 35 12 14 16 17 20 13 15 17 19 22 26 29 33 36 40 
19 21 24 26 29 24 27 30 33 36 0 0 0 0 0 12 14 16 18 19 8 9 11 13 15 16 18 21 24 27 19 21 24 26 29 14 16 18 20 21 21 24 27 30 33 
18 20 23 25 28 10 11 13 14 16 18 20 23 25 27 21 24 27 30 32 15 17 19 21 23 20 23 26 29 33 0 0 0 0 0 19 21 24 26 30 8 9 11 13 15 
20 22 25 28 32 0 0 0 0 0 20 23 26 29 33 8 9 10 12 12 24 27 31 34 38 11 12 14 16 18 22 25 28 30 33 23 26 29 32 36 24 27 30 34 36 
13 15 17 19 20 15 17 19 20 23 21 24 27 29 32 13 15 17 19 21 0 0 0 0 0 20 22 25 28 32 26 29 33 37 40 18 20 23 25 27 9 10 12 13 14 
63 1488 6
12 14 16 18 21 15 17 19 21 23 0 0 0 0 0 21 24 27 30 32 24 27 31 34 39 16 18 20 22 26 26 29 33 36 40 12 14 16 18 19 20 22 25 27 30 
25 28 32 35 39 27 30 34 38 41 19 21 24 26 28 16 18 21 23 26 0 0 0 0 0 17 19 22 24 27 25 28 32 35 40 27 30 34 37 40 8 9 11 12 15 
22 25 28 31 35 9 10 12 13 16 20 23 26 29 32 26 29 33 36 40 16 18 21 24 27 20 22 25 27 30 0 0 0 0 0 9 10 12 14 14 27 30 34 37 41 
18 20 23 26 27 13 15 17 18 20 16 18 21 23 25 10 11 13 15 16 21 24 27 30 32 23 26 29 32 36 12 14 16 17 19 0 0 0 0 0 8 9 10 12 12 
9 10 12 13 15 12 13 15 17 19 26 29 33 37 39 12 13 15 17 18 24 27 30 34 37 10 11 13 15 17 0 0 0 0 0 13 15 17 18 22 19 21 24 26 29 
12 13 15 17 20 24 27 30 34 37 16 18 21 23 27 9 10 12 14 15 19 21 24 26 30 24 27 30 33 37 24 27 30 33 37 21 24 27 30 32 0 0 0 0 0 
64 1070 8
18 20 23 26 29 24 27 30 33 38 9 10 12 13 15 24 27 31 35 38 23 26 29 32 35 0 0 0 0 0 8 9 10 11 14 10 11 13 14 17 16 18 20 23 25 
25 28 32 36 39 24 27 31 35 38 8 9 10 11 13 0 0 0 0 0 8 9 10 11 12 13 15 17 18 20 8 9 11 12 15 10 11 13 14 15 13 15 17 18 22 
21 24 27 29 34 0 0 0 0 0 12 13 15 16 19 10 11 13 14 17 21 24 27 30 34 14 16 18 19 23 14 16 18 20 21 8 9 11 12 15 16 18 20 23 26 
22 25 28 30 35 12 13 15 17 19 16 18 21 23 26 24 27 31 35 37 9 10 12 14 16 9 10 12 13 16 16 18 20 22 24 0 0 0 0 0 26 29 33 36 41 
17 19 22 24 26 17 19 22 24 27 0 0 0 0 0 19 21 24 26 28 9 10 12 13 16 12 13 15 17 19 27 30 34 38 40 10 11 13 14 17 18 20 23 25 27 
12 14 16 17 20 20 22 25 28 31 0 0 0 0 0 23 26 29 32 35 12 14 16 17 21 16 18 20 22 26 9 10 12 13 14 9 10 12 13 14 12 13 15 16 18 
17 19 22 25 26 8 9 11 13 14 15 17 19 21 23 0 0 0 0 0 8 9 11 12 14 16 18 20 22 24 17 19 22 25 28 12 13 15 17 20 24 27 30 33 38 
9 10 12 13 16 25 28 32 36 38 14 16 18 20 21 26 29 33 37 41 25 28 32 35 38 16 18 21 23 26 0 0 0 0 0 12 14 16 17 21 19 21 24 26 28 
65 1007 8
8 9 10 11 14 0 0 0 0 0 11 12 14 16 18 13 15 17 18 20 21 24 27 30 34 8 9 11 12 13 16 18 21 23 26 11 12 14 16 18 11 12 14 16 17 
13 15 17 19 21 8 9 10 12 13 12 13 15 17 18 8 9 11 12 13 0 0 0 0 0 26 29 33 36 41 27 30 34 38 40 9 10 12 13 16 18 20 23 25 29 
12 13 15 16 20 0 0 0 0 0 17 19 22 24 27 18 20 23 26 29 14 16 18 20 21 25 28 32 35 40 10 11 13 14 15 20 23 26 29 31 20 23 26 29 31 
20 23 26 28 33 21 24 27 30 32 0 0 0 0 0 26 29 33 36 40 16 18 20 22 26 10 11 13 14 15 23 26 29 32 34 23 26 29 31 35 15 17 19 21 22 
25 28 32 35 38 22 25 28 31 35 15 17 19 20 24 16 18 21 23 26 0 0 0 0 0 20 23 26 28 31 15 17 19 21 24 8 9 11 12 14 15 17 19 20 24 
15 17 19 21 22 27 30 34 37 42 15 17 19 20 24 24 27 30 34 37 12 13 15 17 18 20 22 25 27 31 0 0 0 0 0 21 24 27 30 34 23 26 29 32 35 
24 27 30 33 36 23 26 29 31 35 13 15 17 19 21 14 16 18 19 21 20 23 26 29 33 21 24 27 30 33 0 0 0 0 0 8 9 11 13 15 18 20 23 25 28 
20 23 26 29 31 0 0 0 0 0 26 29 33 37 41 20 22 25 28 32 24 27 30 33 38 23 26 29 32 36 21 24 27 29 33 12 13 15 16 18 27 30 34 37 41 
66 1509 7
18 20 23 25 29 21 24 27 29 32 0 0 0 0 0 25 28 32 36 40 26 29 33 36 41 16 18 20 22 25 25 28 32 36 39 12 14 16 18 20 24 27 30 34 36 
24 27 30 33 36 0 0 0 0 0 12 13 15 16 19 17 19 22 25 27 21 24 27 30 32 24 27 30 34 37 17 19 22 25 28 9 10 12 13 16 27 30 34 37 42 
9 10 12 13 15 17 19 22 25 27 13 15 17 19 22 0 0 0 0 0 20 23 26 29 32 25 28 32 35 38 25 28 32 36 38 17 19 22 25 26 20 22 25 27 30 
10 11 13 14 17 12 14 16 18 19 26 29 33 36 40 8 9 10 12 13 16 18 21 23 27 10 11 13 15 17 26 29 33 36 40 0 0 0 0 0 20 23 26 29 33 
20 22 25 27 31 21 24 27 29 33 22 25 28 31 33 12 13 15 17 19 18 20 23 26 27 0 0 0 0 0 10 11 13 15 15 8 9 11 12 15 21 24 27 30 34 
18 20 23 25 29 27 30 34 37 41 12 13 15 16 18 21 24 27 30 32 0 0 0 0 0 18 20 23 25 27 12 13 15 16 20 20 23 26 29 33 9 10 12 13 16 
11 12 14 16 17 24 27 31 35 39 10 11 13 14 16 22 25 28 31 33 14 16 18 20 22 24 27 31 34 39 23 26 29 31 36 0 0 0 0 0 9 10 12 13 16 
67 2790 8
11 12 14 16 16 0 0 0 0 0 19 21 24 26 29 22 25 28 31 33 26 29 33 36 41 17 19 22 25 26 17 19 22 25 28 12 14 16 17 19 18 20 23 25 29 
21 24 27 29 34 8 9 10 11 13 27 30 34 38 40 16 18 21 24 26 17 19 22 24 28 0 0 0 0 0 11 12 14 15 18 21 24 27 30 32 19 21 24 26 28 
20 23 26 29 32 8 9 10 11 12 0 0 0 0 0 16 18 21 23 27 10 11 13 15 16 12 13 15 16 19 16 18 20 23 25 16 18 21 23 26 11 12 14 16 17 
22 25 28 30 34 15 17 19 20 24 20 23 26 29 31 25 28 32 35 39 0 0 0 0 0 12 13 15 17 19 19 21 24 26 28 14 16 18 20 23 17 19 22 25 26 
22 25 28 31 35 12 13 15 17 19 25 28 32 36 39 13 15 17 18 20 13 15 17 19 21 15 17 19 20 23 25 28 32 36 40 18 20 23 26 28 0 0 0 0 0 
0 0 0 0 0 24 27 31 34 39 12 14 16 17 19 8 9 10 12 14 10 11 13 14 15 20 23 26 28 31 16 18 21 24 27 16 18 20 23 25 22 25 28 31 33 
21 24 27 29 33 20 23 26 28 31 9 10 12 13 15 8 9 11 13 13 14 16 18 19 21 0 0 0 0 0 18 20 23 25 27 18 20 23 26 29 15 17 19 20 22 
12 14 16 17 20 12 13 15 16 18 13 15 17 19 20 12 14 16 17 19 26 29 33 36 39 17 19 22 24 26 0 0 0 0 0 16 18 20 22 26 12 14 16 18 19 
68 2753 6
15 17 19 21 24 12 14 16 17 19 19 21 24 26 29 24 27 31 35 37 18 20 23 25 27 27 30 34 38 40 23 26 29 32 35 8 9 10 12 12 0 0 0 0 0 
15 17 19 20 22 27 30 34 38 41 0 0 0 0 0 25 28 32 36 38 24 27 31 34 38 21 24 27 29 32 10 11 13 14 15 20 22 25 27 31 21 24 27 30 32 
20 23 26 29 32 21 24 27 30 34 0 0 0 0 0 17 19 22 25 26 19 21 24 26 30 24 27 31 34 37 12 13 15 16 18 19 21 24 27 28 20 22 25 27 31 
23 26 29 32 36 8 9 11 13 13 12 14 16 17 21 21 24 27 29 32 24 27 30 33 37 24 27 30 33 38 0 0 0 0 0 25 28 32 36 40 22 25 28 30 35 
8 9 10 11 12 12 13 15 16 18 24 27 31 35 37 12 14 16 18 20 0 0 0 0 0 19 21 24 26 28 23 26 29 32 35 23 26 29 31 35 9 10 12 14 16 
27 30 34 38 40 26 29 33 37 41 10 11 13 14 15 11 12 14 15 16 20 22 25 28 30 24 27 30 33 37 15 17 19 21 22 16 18 20 22 25 0 0 0 0 0 
69 1622 6
14 16 18 19 22 19 21 24 26 28 23 26 29 32 36 24 27 30 33 37 18 20 23 26 29 15 17 19 21 24 24 27 31 34 38 25 28 32 36 38 0 0 0 0 0 
26 29 33 37 40 27 30 34 38 42 14 16 18 20 21 27 30 34 38 40 0 0 0 0 0 15 17 19 20 22 20 23 26 28 31 26 29 33 37 41 23 26 29 32 35 
21 24 27 30 32 0 0 0 0 0 12 13 15 17 19 10 11 13 14 17 21 24 27 30 34 22 25 28 30 33 25 28 32 35 38 14 16 18 19 22 25 28 32 36 40 
18 20 23 25 28 21 24 27 29 33 13 15 17 18 21 24 27 31 35 39 0 0 0 0 0 12 14 16 17 21 26 29 33 37 40 27 30 34 37 41 13 15 17 18 22 
18 20 23 25 29 11 12 14 16 18 18 20 23 26 28 10 11 13 15 15 26 29 33 37 39 22 25 28 31 33 25 28 32 36 38 20 23 26 28 32 0 0 0 0 0 
25 28 32 35 38 21 24 27 29 34 24 27 31 34 39 20 22 25 28 30 17 19 22 24 27 8 9 11 12 14 20 23 26 28 32 20 22 25 27 32 0 0 0 0 0 
70 2846 5
11 12 14 16 17 8 9 11 12 13 20 22 25 28 32 20 23 26 28 33 19 21 24 27 29 8 9 10 12 12 0 0 0 0 0 20 23 26 29 31 19 21 24 27 30 
8 9 11 13 15 8 9 11 13 13 20 22 25 27 30 0 0 0 0 0 10 11 13 15 17 25 28 32 35 38 18 20 23 26 27 11 12 14 15 17 20 23 26 29 33 
26 29 33 37 41 12 13 15 16 20 23 26 29 32 35 17 19 22 24 26 11 12 14 16 18 15 17 19 20 23 23 26 29 32 35 25 28 32 36 38 0 0 0 0 0 
0 0 0 0 0 22 25 28 31 34 19 21 24 26 28 10 11 13 14 17 20 22 25 28 31 24 27 30 34 38 8 9 10 12 13 8 9 11 13 13 23 26 29 31 36 
27 30 34 38 42 11 12 14 16 16 12 14 16 17 19 21 24 27 30 34 15 17 19 21 23 16 18 21 23 27 24 27 31 35 38 11 12 14 15 16 0 0 0 0 0 
71 1168 4
24 27 31 34 38 0 0 0 0 0 8 9 11 12 15 25 28 32 36 40 24 27 31 34 39 16 18 20 22 24 23 26 29 31 36 23 26 29 31 34 14 16 18 20 23 
12 13 15 16 19 13 15 17 18 22 0 0 0 0 0 26 29 33 37 39 12 14 16 17 19 17 19 22 24 28 8 9 11 12 14 24 27 31 34 38 20 22 25 28 31 
16 18 21 23 25 16 18 20 22 26 24 27 30 34 37 10 11 13 14 15 21 24 27 30 32 17 19 22 24 28 21 24 27 29 34 12 13 15 17 18 0 0 0 0 0 
12 13 15 16 18 18 20 23 25 28 27 30 34 38 40 16 18 20 23 24 8 9 11 12 13 24 27 30 34 37 15 17 19 21 22 20 23 26 28 32 0 0 0 0 0 
72 1869 4
21 24 27 30 33 8 9 10 12 14 10 11 13 15 17 21 24 27 29 32 12 13 15 16 18 23 26 29 32 35 23 26 29 32 36 0 0 0 0 0 11 12 14 16 16 
27 30 34 38 41 23 26 29 31 35 12 13 15 16 19 25 28 32 36 39 0 0 0 0 0 14 16 18 19 21 13 15 17 19 20 21 24 27 29 32 18 20 23 25 27 
22 25 28 31 33 0 0 0 0 0 16 18 21 23 25 12 13 15 16 18 23 26 29 32 36 21 24 27 29 33 13 15 17 19 22 15 17 19 20 23 24 27 30 34 37 
25 28 32 36 39 0 0 0 0 0 16 18 21 24 27 18 20 23 25 28 8 9 10 12 12 12 13 15 16 19 22 25 28 31 35 8 9 10 12 12 19 21 24 26 29 
73 1729 5
25 28 32 36 38 0 0 0 0 0 25 28 32 35 40 17 19 22 24 26 8 9 11 13 15 16 18 21 23 27 16 18 20 23 26 8 9 11 13 14 8 9 10 11 13 
12 13 15 17 19 21 24 27 30 34 19 21 24 26 29 0 0 0 0 0 8 9 11 13 13 27 30 34 38 40 8 9 10 11 13 25 28 32 35 38 11 12 14 15 18 
11 12 14 16 17 11 12 14 15 17 17 19 22 24 27 20 23 26 29 32 20 23 26 28 33 22 25 28 31 35 0 0 0 0 0 24 27 30 34 38 8 9 10 12 13 
13 15 17 19 20 8 9 11 12 15 25 28 32 36 39 15 17 19 20 24 8 9 11 13 14 0 0 0 0 0 8 9 10 12 12 25 28 32 35 40 15 17 19 20 24 
0 0 0 0 0 16 18 21 23 26 21 24 27 29 34 19 21 24 27 30 24 27 30 33 36 24 27 31 34 37 24 27 31 34 38 14 16 18 19 21 20 22 25 28 31 
74 1843 7
22 25 28 31 35 12 14 16 17 19 26 29 33 37 41 0 0 0 0 0 26 29 33 37 39 13 15 17 18 20 14 16 18 19 23 21 24 27 29 32 9 10 12 14 15 
22 25 28 30 34 11 12 14 16 16 20 23 26 29 31 22 25 28 31 35 16 18 20 23 26 14 16 18 19 22 0 0 0 0 0 9 10 12 13 16 10 11 13 15 16 
0 0 0 0 0 20 23 26 28 31 24 27 30 34 37 26 29 33 36 40 27 30 34 38 40 23 26 29 32 35 24 27 31 34 37 18 20 23 26 28 18 20 23 25 28 
16 18 20 22 26 14 16 18 19 23 15 17 19 21 24 26 29 33 36 41 0 0 0 0 0 23 26 29 31 34 25 28 32 35 39 27 30 34 38 40 21 24 27 30 33 
18 20 23 26 29 16 18 20 23 26 24 27 30 34 36 24 27 31 35 38 13 15 17 19 22 23 26 29 31 34 0 0 0 0 0 20 23 26 28 33 27 30 34 38 40 
26 29 33 37 40 0 0 0 0 0 21 24 27 29 34 23 26 29 32 34 24 27 30 33 37 12 14 16 18 19 25 28 32 35 40 23 26 29 31 34 18 20 23 25 28 
24 27 30 33 36 18 20 23 25 28 23 26 29 32 35 17 19 22 25 28 12 13 15 17 18 20 23 26 28 32 0 0 0 0 0 13 15 17 18 20 27 30 34 38 42 
75 1224 5
8 9 10 12 13 8 9 10 12 13 11 12 14 16 17 23 26 29 31 34 20 23 26 29 33 12 13 15 16 19 17 19 22 24 27 18 20 23 25 27 0 0 0 0 0 
8 9 11 13 15 10 11 13 14 15 0 0 0 0 0 12 14 16 17 19 12 13 15 16 19 8 9 10 12 12 23 26 29 31 35 21 24 27 29 32 24 27 30 34 37 
17 19 22 24 27 27 30 34 37 40 27 30 34 38 42 8 9 10 11 13 0 0 0 0 0 21 24 27 29 32 16 18 21 23 27 24 27 31 35 38 23 26 29 31 36 
15 17 19 20 23 26 29 33 36 41 14 16 18 20 23 18 20 23 26 28 24 27 31 34 38 14 16 18 19 22 26 29 33 37 41 10 11 13 14 15 0 0 0 0 0 
23 26 29 31 36 0 0 0 0 0 22 25 28 31 33 11 12 14 16 18 25 28 32 35 38 13 15 17 19 20 18 20 23 25 28 17 19 22 24 28 25 28 32 35 40 
76 1619 7
25 28 32 36 40 15 17 19 21 23 8 9 11 13 13 8 9 11 13 14 17 19 22 25 26 20 22 25 28 31 24 27 31 35 37 0 0 0 0 0 12 14 16 17 19 
22 25 28 31 35 24 27 31 35 38 8 9 10 11 13 25 28 32 36 38 19 21 24 26 28 0 0 0 0 0 27 30 34 38 40 15 17 19 20 24 24 27 31 35 37 
21 24 27 29 33 16 18 21 24 27 22 25 28 30 33 27 30 34 38 42 0 0 0 0 0 8 9 11 12 13 17 19 22 24 28 23 26 29 32 35 13 15 17 19 21 
18 20 23 26 27 11 12 14 15 17 16 18 21 24 26 8 9 10 11 14 18 20 23 25 29 15 17 19 21 23 19 21 24 26 28 8 9 11 12 14 0 0 0 0 0 
23 26 29 31 36 17 19 22 24 26 0 0 0 0 0 18 20 23 25 29 19 21 24 27 28 13 15 17 19 20 10 11 13 15 16 8 9 11 12 14 16 18 20 23 25 
22 25 28 30 35 10 11 13 15 15 16 18 21 24 27 23 26 29 31 35 0 0 0 0 0 19 21 24 26 30 8 9 10 11 14 13 15 17 18 22 16 18 20 22 24 
27 30 34 38 41 27 30 34 38 41 23 26 29 32 35 12 13 15 17 20 8 9 10 11 14 0 0 0 0 0 9 10 12 14 16 9 10 12 13 15 15 17 19 20 24 
77 1427 6
0 0 0 0 0 19 21 24 26 28 27 30 34 38 41 9 10 12 13 14 27 30 34 38 41 21 24 27 30 32 24 27 30 33 38 26 29 33 36 40 23 26 29 31 34 
10 11 13 15 15 20 22 25 27 32 0 0 0 0 0 24 27 30 33 37 11 12 14 15 16 27 30 34 38 42 8 9 11 12 14 22 25 28 31 34 9 10 12 13 14 
26 29 33 37 41 15 17 19 20 24 13 15 17 18 21 20 22 25 27 31 12 14 16 17 21 10 11 13 14 16 12 14 16 17 19 10 11 13 15 16 0 0 0 0 0 
0 0 0 0 0 18 20 23 25 29 17 19 22 24 27 8 9 10 12 12 22 25 28 30 34 20 23 26 29 33 24 27 30 33 36 12 13 15 16 18 9 10 12 14 16 
26 29 33 37 41 0 0 0 0 0 26 29 33 37 40 20 22 25 27 31 26 29 33 36 41 8 9 10 11 12 16 18 21 23 26 12 14 16 18 21 8 9 10 11 12 
24 27 31 35 39 10 11 13 15 15 0 0 0 0 0 16 18 21 24 26 11 12 14 16 18 25 28 32 35 40 24 27 31 34 38 21 24 27 29 34 12 13 15 17 20 
78 1262 6
24 27 31 35 38 14 16 18 19 21 0 0 0 0 0 25 28 32 36 40 12 13 15 17 18 12 14 16 18 20 12 14 16 18 21 11 12 14 16 17 18 20 23 25 28 
17 19 22 25 26 0 0 0 0 0 10 11 13 14 16 16 18 20 23 24 9 10 12 14 14 17 19 22 24 28 9 10 12 14 14 26 29 33 37 41 22 25 28 31 33 
15 17 19 21 24 23 26 29 31 36 17 19 22 25 28 0 0 0 0 0 16 18 20 23 26 18 20 23 25 28 19 21 24 27 28 17 19 22 25 28 25 28 32 35 38 
24 27 31 35 37 11 12 14 16 17 20 23 26 29 33 10 11 13 15 16 16 18 20 22 25 14 16 18 19 22 22 25 28 31 35 8 9 10 12 12 0 0 0 0 0 
9 10 12 14 14 15 17 19 20 23 24 27 31 34 38 11 12 14 15 18 26 29 33 37 39 19 21 24 27 30 10 11 13 14 16 18 20 23 25 29 0 0 0 0 0 
20 23 26 28 32 8 9 11 13 14 16 18 20 22 24 20 22 25 28 32 0 0 0 0 0 19 21 24 27 30 27 30 34 38 40 19 21 24 26 28 23 26 29 31 34 
79 1999 6
15 17 19 21 24 0 0 0 0 0 20 22 25 28 31 18 20 23 26 27 21 24 27 29 34 21 24 27 30 33 20 22 25 27 31 21 24 27 30 33 12 14 16 17 19 
14 16 18 20 22 0 0 0 0 0 12 13 15 17 19 24 27 31 35 37 24 27 30 34 38 16 18 21 24 27 26 29 33 37 40 18 20 23 26 27 24 27 31 35 37 
15 17 19 21 22 26 29 33 37 39 12 14 16 17 20 8 9 10 11 14 17 19 22 24 26 0 0 0 0 0 24 27 31 34 39 13 15 17 18 21 12 13 15 16 19 
24 27 31 35 38 8 9 11 13 14 24 27 31 34 38 8 9 10 12 13 26 29 33 37 41 12 13 15 16 19 9 10 12 14 16 27 30 34 38 41 0 0 0 0 0 
0 0 0 0 0 20 22 25 28 31 24 27 31 35 39 20 22 25 28 32 8 9 10 12 12 12 13 15 17 18 24 27 30 34 38 11 12 14 16 18 26 29 33 37 40 
19 21 24 26 29 20 23 26 28 33 23 26 29 31 34 21 24 27 30 33 14 16 18 19 22 16 18 21 23 27 15 17 19 21 22 18 20 23 25 27 0 0 0 0 0 
0 1268 25 39 98 
1 1383 43 139 77 
2 1096 77 26 75 
3 1224 173 199 46 
4 1456 159 200 16 
5 1082 111 53 34 
6 1283 218 80 93 
7 1088 192 213 43 
8 1021 85 187 50 
17 50 8000 20000 0.52 0.78 30 5000 750 12500 0.43 0.49 900 10000 9746 5493 21 2.062
